# Energy [MeV] 	-	 Rate [MeV^-1 s^-1]
1.000000000000000056e-01 1.108261732210728478e-08
2.489999999999999991e-01 2.265503462209382621e-04
3.980000000000000204e-01 9.146106717410550872e-04
5.469999999999999307e-01 2.635231210945595225e-03
6.959999999999999520e-01 5.243098508034805920e-03
8.449999999999999734e-01 7.148712813193854043e-03
9.939999999999998836e-01 1.049731447579178335e-02
1.143000000000000016e+00 1.391921183680991554e-02
1.292000000000000037e+00 1.691018015937520436e-02
1.441000000000000059e+00 1.815101963180461297e-02
1.590000000000000080e+00 2.103860676433524576e-02
1.739000000000000101e+00 2.337790337802014146e-02
1.887999999999999901e+00 2.482611396312434104e-02
2.036999999999999922e+00 2.455505763968436964e-02
2.185999999999999943e+00 2.602576186232957722e-02
2.334999999999999964e+00 2.695394494760464804e-02
2.483999999999999986e+00 2.713135861688007258e-02
2.633000000000000007e+00 2.603999907645124234e-02
2.782000000000000028e+00 2.652893790804070756e-02
2.931000000000000050e+00 2.655187441764506051e-02
3.080000000000000071e+00 2.599641521942176042e-02
3.229000000000000092e+00 2.454554735969165929e-02
3.378000000000000114e+00 2.445946689202896721e-02
3.527000000000000135e+00 2.403445128246314844e-02
3.675999999999999712e+00 2.318177106439203716e-02
3.824999999999999734e+00 2.168857921859801766e-02
3.973999999999999755e+00 2.132082233949753741e-02
4.122999999999999332e+00 2.072030745343950153e-02
4.271999999999999353e+00 1.982063462741430471e-02
4.420999999999999375e+00 1.846409106477828535e-02
4.569999999999999396e+00 1.801168159986847248e-02
4.718999999999999417e+00 1.739052178416970740e-02
4.867999999999999439e+00 1.655175905636996000e-02
5.016999999999999460e+00 1.537740928097141094e-02
5.165999999999999481e+00 1.492259969477401430e-02
5.314999999999999503e+00 1.434772033810172501e-02
5.463999999999999524e+00 1.361545203302606637e-02
5.612999999999999545e+00 1.263134853230826055e-02
5.761999999999999567e+00 1.221531545369805745e-02
5.910999999999999588e+00 1.171246393386494479e-02
6.059999999999999609e+00 1.109517516129258571e-02
6.208999999999999631e+00 1.028626797632512663e-02
6.357999999999999652e+00 9.925750884578678213e-03
6.506999999999999673e+00 9.501746067232972812e-03
6.655999999999999694e+00 8.992953092393209114e-03
6.804999999999999716e+00 8.335006292077378615e-03
6.953999999999999737e+00 8.030746534534109748e-03
7.102999999999999758e+00 7.679612688711253549e-03
7.251999999999998892e+00 7.265400017946437722e-03
7.400999999999998913e+00 6.733832085032303606e-03
7.549999999999998934e+00 6.481742342600170861e-03
7.698999999999998956e+00 6.194547664324848504e-03
7.847999999999998977e+00 5.859901289891740646e-03
7.996999999999998998e+00 5.431914914596496988e-03
8.145999999999999019e+00 5.225389942635358213e-03
8.294999999999999929e+00 4.992442844614309629e-03
8.443999999999999062e+00 4.723544720739963898e-03
8.592999999999999972e+00 4.379653360304175229e-03
8.741999999999999105e+00 4.211595189138408329e-03
8.891000000000000014e+00 4.023398903196414439e-03
9.039999999999999147e+00 3.807762069940932945e-03
9.189000000000000057e+00 3.531503680936547238e-03
9.337999999999999190e+00 3.395362453704151798e-03
9.487000000000000099e+00 3.243852919599443229e-03
9.635999999999999233e+00 3.071341767278318573e-03
9.784999999999998366e+00 2.849591349782639327e-03
9.933999999999999275e+00 2.739890724930604728e-03
1.008299999999999841e+01 2.618415857938235884e-03
1.023199999999999932e+01 2.480749189104696720e-03
1.038099999999999845e+01 2.302775230667552728e-03
1.052999999999999936e+01 2.214589084264232625e-03
1.067899999999999849e+01 2.117148006369968041e-03
1.082799999999999940e+01 2.006998194295518765e-03
1.097699999999999854e+01 1.863629710708872940e-03
1.112599999999999945e+01 1.792442043091873162e-03
1.127499999999999858e+01 1.713972756525174992e-03
1.142399999999999949e+01 1.625549653573526250e-03
1.157299999999999862e+01 1.509750611574947610e-03
1.172199999999999953e+01 1.452223831045757049e-03
1.187099999999999866e+01 1.389002698677115804e-03
1.201999999999999957e+01 1.317992769977858200e-03
1.216899999999999871e+01 1.224379157072942592e-03
1.231799999999999962e+01 1.177932238324249465e-03
1.246699999999999875e+01 1.127000214989870271e-03
1.261599999999999966e+01 1.069928943864830416e-03
1.276499999999999879e+01 9.941246763198966635e-04
1.291399999999999970e+01 9.565865161937272404e-04
1.306299999999999883e+01 9.154955000664102664e-04
1.321199999999999974e+01 8.695504759789355947e-04
1.336099999999999888e+01 8.080594767158718250e-04
1.350999999999999979e+01 7.777074057995388146e-04
1.365899999999999892e+01 7.445478323719021156e-04
1.380799999999999983e+01 7.075519282012811923e-04
1.395699999999999896e+01 6.576355701401477138e-04
1.410599999999999987e+01 6.331260479209994399e-04
1.425499999999999901e+01 6.063792591200095096e-04
1.440399999999999814e+01 5.765635094645558175e-04
1.455299999999999905e+01 5.359490421988444362e-04
1.470199999999999818e+01 5.160788332204323215e-04
1.485099999999999909e+01 4.943858980792284604e-04
1.500000000000000000e+01 4.702129585912786375e-04
