# Energy [MeV] 	-	 Rate [MeV^-1 s^-1]
1.000000000000000056e-01 1.737802387907207608e+08
4.000000000000000222e-01 1.459491927677458525e+07
6.999999999999999556e-01 5.518791571542335674e+06
9.999999999999998890e-01 2.492041031250908971e+06
1.300000000000000044e+00 1.450403320392434485e+06
1.600000000000000089e+00 8.723293853624669136e+05
1.899999999999999911e+00 5.867764025560972514e+05
2.200000000000000178e+00 3.993839488277617493e+05
2.500000000000000000e+00 2.894551493481890066e+05
2.799999999999999822e+00 2.111760616858914727e+05
3.100000000000000089e+00 1.602687201705856423e+05
3.399999999999999911e+00 1.222541916696036933e+05
3.699999999999999734e+00 9.575374166477702965e+04
4.000000000000000000e+00 7.534765530156684690e+04
4.299999999999999822e+00 6.038896890545328642e+04
4.599999999999999645e+00 4.862243254947029345e+04
4.899999999999999467e+00 3.966124828192301356e+04
5.199999999999999289e+00 3.250201854606379129e+04
5.499999999999999112e+00 2.688333530053690629e+04
5.799999999999999822e+00 2.234134197435771057e+04
6.099999999999999645e+00 1.868902601019175199e+04
6.399999999999999467e+00 1.570934511684714926e+04
6.699999999999999289e+00 1.326473522255378703e+04
6.999999999999999112e+00 1.125564109091366299e+04
7.299999999999998934e+00 9.579280618930353739e+03
7.599999999999999645e+00 8.193296720104421183e+03
7.899999999999999467e+00 7.020095125113031827e+03
8.199999999999999289e+00 6.045289702289610432e+03
8.500000000000000000e+00 5.209833868779158365e+03
8.799999999999998934e+00 4.512759965533165087e+03
9.099999999999999645e+00 3.908832596858931538e+03
9.399999999999998579e+00 3.403149416054691756e+03
9.699999999999999289e+00 2.960847300559806627e+03
1.000000000000000000e+01 2.589368932616412621e+03
1.029999999999999893e+01 2.261696927455664081e+03
1.059999999999999964e+01 1.985767992941578314e+03
1.089999999999999858e+01 1.740537475782355614e+03
1.119999999999999929e+01 1.533556992583882675e+03
1.150000000000000000e+01 1.348355576044303689e+03
1.179999999999999893e+01 1.191726026112129830e+03
1.209999999999999964e+01 1.050718987718476910e+03
1.239999999999999858e+01 9.312539348247073576e+02
1.269999999999999929e+01 8.231070702318072563e+02
1.300000000000000000e+01 7.313381200845140029e+02
1.329999999999999893e+01 6.478430059336218392e+02
1.359999999999999964e+01 5.768938352195692687e+02
1.389999999999999858e+01 5.120426507187025891e+02
1.419999999999999929e+01 4.568678693433474791e+02
1.449999999999999822e+01 4.062210667392234882e+02
1.479999999999999893e+01 3.630840003627864689e+02
1.509999999999999964e+01 3.233321521429287486e+02
1.539999999999999858e+01 2.894417249608969769e+02
1.569999999999999929e+01 2.580980663452370436e+02
1.599999999999999822e+01 2.313532131080572469e+02
1.630000000000000071e+01 2.065354302770323045e+02
1.660000000000000142e+01 1.853431618320950918e+02
1.690000000000000213e+01 1.656168262103382460e+02
1.719999999999999929e+01 1.487613940521435723e+02
1.750000000000000000e+01 1.330266117922788283e+02
1.780000000000000071e+01 1.195745054120937851e+02
1.810000000000000142e+01 1.069829815589394713e+02
1.840000000000000213e+01 9.621337254729400001e+01
1.869999999999999929e+01 8.610745187585266081e+01
1.900000000000000000e+01 7.746083385442398139e+01
1.930000000000000071e+01 6.932805676288332108e+01
1.960000000000000142e+01 6.236801225344454025e+01
1.990000000000000213e+01 5.580725252668063519e+01
2.019999999999999929e+01 5.019184737952179631e+01
2.050000000000000000e+01 4.488776855393383158e+01
2.080000000000000071e+01 4.034796879114180967e+01
2.110000000000000142e+01 3.605169245696875180e+01
2.140000000000000213e+01 3.237499940503851548e+01
2.169999999999999929e+01 2.888937480152851478e+01
2.200000000000000000e+01 2.590733869949013268e+01
2.230000000000000071e+01 2.307565645350411643e+01
2.260000000000000142e+01 2.065429305849651342e+01
2.290000000000000213e+01 1.835158116374553217e+01
2.319999999999999929e+01 1.638398608843266757e+01
2.350000000000000000e+01 1.451029222708538668e+01
2.380000000000000071e+01 1.291093294720319307e+01
2.410000000000000142e+01 1.138611218336486175e+01
2.440000000000000213e+01 1.008641443586502895e+01
2.469999999999999929e+01 8.846117176286853123e+00
2.500000000000000000e+01 7.790983274269105863e+00
2.530000000000000071e+01 6.783370935785743683e+00
2.560000000000000142e+01 5.928477021081317133e+00
2.590000000000000213e+01 5.111845650109015260e+00
2.619999999999999929e+01 4.421544413329657530e+00
2.650000000000000000e+01 3.762302617473278321e+00
2.680000000000000071e+01 3.207967720316975413e+00
2.710000000000000142e+01 2.679180573034456003e+00
2.740000000000000213e+01 2.237974928555595877e+00
2.769999999999999929e+01 1.818234948684321894e+00
2.800000000000000000e+01 1.472213079636082167e+00
2.830000000000000071e+01 1.144874803546685360e+00
2.860000000000000142e+01 8.804630086638689512e-01
2.889999999999999858e+01 6.333614837032729428e-01
2.919999999999999929e+01 4.414057304906766621e-01
2.950000000000000000e+01 2.673392879025816016e-01
2.980000000000000071e+01 1.445215468707360673e-01
3.010000000000000142e+01 4.433457315565804413e-02
