# Energy [MeV] 	-	 Rate [MeV^-1 s^-1]
1.000000000000000056e-01 5.008957241414330433e-06
2.489999999999999991e-01 1.107211528626034780e-01
3.980000000000000204e-01 4.464117939785456346e-01
5.469999999999999307e-01 1.288258569023455369e+00
6.959999999999999520e-01 2.572842207154265814e+00
8.449999999999999734e-01 3.565896325127468458e+00
9.939999999999998836e-01 5.237964685400180898e+00
1.143000000000000016e+00 6.953926585784827807e+00
1.292000000000000037e+00 8.469501124108708368e+00
1.441000000000000059e+00 9.159247420260649974e+00
1.590000000000000080e+00 1.061929966164209738e+01
1.739000000000000101e+00 1.181038945850864152e+01
1.887999999999999901e+00 1.256458640847811914e+01
2.036999999999999922e+00 1.248278512403542706e+01
2.185999999999999943e+00 1.323319575089730904e+01
2.334999999999999964e+00 1.371419502774104338e+01
2.483999999999999986e+00 1.382320501701993010e+01
2.633000000000000007e+00 1.330744574928868218e+01
2.782000000000000028e+00 1.355946811397446439e+01
2.931000000000000050e+00 1.357821915089352416e+01
3.080000000000000071e+00 1.330833838144260639e+01
3.229000000000000092e+00 1.259387633381786387e+01
3.378000000000000114e+00 1.255123998717887090e+01
3.527000000000000135e+00 1.233828846048349170e+01
3.675999999999999712e+00 1.191081730882862466e+01
3.824999999999999734e+00 1.116328953230165233e+01
3.973999999999999755e+00 1.097502778305823590e+01
4.122999999999999332e+00 1.066955977502733255e+01
4.271999999999999353e+00 1.021356487601645036e+01
4.420999999999999375e+00 9.528260973567592274e+00
4.569999999999999396e+00 9.295458247902965709e+00
4.718999999999999417e+00 8.977447878482298194e+00
4.867999999999999439e+00 8.549581126957146893e+00
5.016999999999999460e+00 7.952630139951944344e+00
5.165999999999999481e+00 7.717826783105754984e+00
5.314999999999999503e+00 7.422283237055254723e+00
5.463999999999999524e+00 7.047073193729183949e+00
5.612999999999999545e+00 6.544558856859725715e+00
5.761999999999999567e+00 6.329242374691319561e+00
5.910999999999999588e+00 6.069927447998452408e+00
6.059999999999999609e+00 5.752556242525022512e+00
6.208999999999999631e+00 5.338051596544931776e+00
6.357999999999999652e+00 5.151090275079185155e+00
6.506999999999999673e+00 4.931900391073188672e+00
6.655999999999999694e+00 4.669600158912849075e+00
6.804999999999999716e+00 4.331494410520619454e+00
6.953999999999999737e+00 4.173436981362908860e+00
7.102999999999999758e+00 3.991547861351976589e+00
7.251999999999998892e+00 3.777524472006704492e+00
7.400999999999998913e+00 3.503719200494116670e+00
7.549999999999998934e+00 3.372568295704326147e+00
7.698999999999998956e+00 3.223541644183872013e+00
7.847999999999998977e+00 3.050297502567776320e+00
7.996999999999998998e+00 2.829405561327325902e+00
8.145999999999999019e+00 2.721819175756642117e+00
8.294999999999999929e+00 2.600759785168126115e+00
8.443999999999999062e+00 2.461321728699371825e+00
8.592999999999999972e+00 2.283527599082449733e+00
8.741999999999999105e+00 2.195877890890239215e+00
8.891000000000000014e+00 2.097945075776601609e+00
9.039999999999999147e+00 1.985962452498823083e+00
9.189000000000000057e+00 1.842920161105239929e+00
9.337999999999999190e+00 1.771842271977658756e+00
9.487000000000000099e+00 1.692907427618661975e+00
9.635999999999999233e+00 1.603204777011688620e+00
9.784999999999998366e+00 1.488234416331231103e+00
9.933999999999999275e+00 1.430906723621733212e+00
1.008299999999999841e+01 1.367553030995383834e+00
1.023199999999999932e+01 1.295886856042948621e+00
1.038099999999999845e+01 1.203505799966399836e+00
1.052999999999999936e+01 1.157381606165593269e+00
1.067899999999999849e+01 1.106514159275178377e+00
1.082799999999999940e+01 1.049113171421427015e+00
1.097699999999999854e+01 9.746162972130764102e-01
1.112599999999999945e+01 9.373538573530511009e-01
1.127499999999999858e+01 8.963549028852711986e-01
1.142399999999999949e+01 8.502325407800499502e-01
1.157299999999999862e+01 7.900036152226310726e-01
1.172199999999999953e+01 7.598705017512720206e-01
1.187099999999999866e+01 7.268125455122427248e-01
1.201999999999999957e+01 6.897413639950623621e-01
1.216899999999999871e+01 6.410093997991938020e-01
1.231799999999999962e+01 6.166643045142709001e-01
1.246699999999999875e+01 5.900132592110602925e-01
1.261599999999999966e+01 5.601956767428891704e-01
1.276499999999999879e+01 5.207037148320627917e-01
1.291399999999999970e+01 5.010165566561651795e-01
1.306299999999999883e+01 4.795010260907203170e-01
1.321199999999999974e+01 4.554794726159457352e-01
1.336099999999999888e+01 4.234214821557976682e-01
1.350999999999999979e+01 4.074945958575508231e-01
1.365899999999999892e+01 3.901217717712873179e-01
1.380799999999999983e+01 3.707666579078464086e-01
1.395699999999999896e+01 3.447262600592857495e-01
1.410599999999999987e+01 3.318588882069014590e-01
1.425499999999999901e+01 3.178383077780929655e-01
1.440399999999999814e+01 3.022305026938237882e-01
1.455299999999999905e+01 2.810302373725381275e-01
1.470199999999999818e+01 2.705939113832634413e-01
1.485099999999999909e+01 2.592170271272946636e-01
1.500000000000000000e+01 2.465562956962866203e-01
