# Energy [MeV] 	-	 Rate [MeV^-1 s^-1]
5.000000000000000278e-02 4.941553472278978566e-28
5.099599999999999966e-02 2.134285919118886735e-30
5.398400000000000420e-02 5.346186752997793873e-31
5.896400000000000252e-02 2.626511755165250212e-20
6.593599999999999461e-02 4.149107995817354759e-09
7.490000000000000824e-02 5.328075638561839391e-08
8.585600000000000176e-02 1.152517356298401597e-09
9.880400000000000293e-02 1.523985897268957229e-06
1.137439999999999979e-01 6.047853294145397445e-04
1.306759999999999866e-01 3.096207307162823080e-03
1.496000000000000107e-01 1.126286144971886489e-03
1.705160000000000009e-01 1.342266801275131261e-03
1.934239999999999848e-01 6.770326314108176223e-03
2.183240000000000181e-01 3.106436639600672345e-02
2.452159999999999895e-01 6.815576710784389258e-02
2.740999999999999548e-01 8.745284801636504790e-02
3.049759999999999693e-01 9.575290832128660612e-02
3.378440000000000332e-01 1.296614234234606255e-01
3.727039999999999242e-01 2.076621701890426219e-01
4.095559999999999756e-01 3.328683383513055261e-01
4.484000000000000208e-01 4.691996219685410363e-01
4.892359999999998932e-01 6.056100216006888859e-01
5.320639999999999814e-01 7.724654926761262974e-01
5.768840000000000634e-01 9.916208123144356623e-01
6.236960000000000282e-01 1.253224502406027563e+00
6.724999999999999867e-01 1.539652912953603625e+00
7.232960000000000500e-01 1.556450543598820957e+00
7.760839999999999961e-01 1.875413964648934284e+00
8.308640000000000470e-01 2.230997316653487772e+00
8.876359999999998696e-01 2.627452109541880354e+00
9.463999999999999080e-01 3.059601091609105428e+00
1.007155999999999940e+00 3.518272792525044768e+00
1.069903999999999966e+00 3.994101801188860268e+00
1.134643999999999986e+00 4.477437854637797088e+00
1.201376000000000221e+00 4.952073391977759975e+00
1.270100000000000229e+00 5.397990836847609053e+00
1.340815999999999786e+00 5.277760005325806247e+00
1.413523999999999781e+00 5.789677476008641577e+00
1.488223999999999991e+00 6.293135924784052371e+00
1.564915999999999974e+00 6.779909028094036394e+00
1.643600000000000172e+00 7.235877979741101917e+00
1.724276000000000142e+00 7.642023041479224510e+00
1.806943999999999662e+00 7.975480503070190963e+00
1.891603999999999619e+00 8.207607260962531015e+00
1.978255999999999792e+00 7.914913130402545960e+00
2.066899999999999959e+00 8.256775063313405383e+00
2.157535999999999898e+00 8.555042358685678749e+00
2.250163999999999831e+00 8.796818782771579137e+00
2.344783999999999757e+00 8.963633349462854838e+00
2.441395999999999233e+00 9.031339633279880985e+00
2.539999999999999591e+00 8.515713117673300303e+00
2.640595999999999499e+00 8.696848605686877676e+00
2.743183999999999845e+00 8.820402801645078839e+00
2.847763999999999740e+00 8.875505381896248380e+00
2.954335999999999629e+00 8.847999466873570640e+00
3.062899999999999956e+00 8.717355777495491509e+00
3.173455999999999833e+00 8.205205399502052188e+00
3.286004000000000147e+00 8.220642089403090935e+00
3.400543999999999123e+00 8.178279954129916263e+00
3.517075999999998981e+00 8.065844748695198518e+00
3.635599999999999277e+00 7.865525578804859919e+00
3.756115999999999122e+00 7.320001867931789974e+00
3.878623999999999850e+00 7.249529014673356642e+00
4.003123999999999683e+00 7.130433780696908030e+00
4.129615999999999509e+00 6.952624070682006163e+00
4.258099999999999774e+00 6.698755397786086085e+00
4.388575999999999588e+00 6.245374496874262604e+00
4.521043999999999841e+00 6.122221749121362855e+00
4.655504000000000531e+00 5.955246551556629520e+00
4.791955999999999882e+00 5.732816333871221026e+00
4.930400000000000560e+00 5.264226062289947272e+00
5.070835999999999011e+00 5.138986147818124905e+00
5.213263999999998788e+00 4.980640798895043631e+00
5.357683999999999003e+00 4.780092862714567126e+00
5.504095999999998767e+00 4.359105343313122383e+00
5.652499999999998970e+00 4.236529666693217955e+00
5.802895999999999610e+00 4.087515769370280161e+00
5.955283999999998912e+00 3.904534665282543227e+00
6.109663999999999540e+00 3.555764209367697770e+00
6.266036000000000605e+00 3.439364723546192160e+00
6.424400000000000333e+00 3.301066706960780639e+00
6.584756000000000498e+00 3.133635534927370792e+00
6.747104000000000212e+00 2.863599649889044141e+00
6.911443999999999477e+00 2.754692299840598491e+00
7.077775999999998291e+00 2.626486841442104314e+00
7.246099999999998431e+00 2.471451090753389757e+00
7.416415999999998121e+00 2.278321308170557113e+00
7.588723999999999137e+00 2.177097042544955396e+00
7.763023999999998814e+00 2.057547229328006377e+00
7.939315999999998930e+00 1.871894310089932567e+00
8.117600000000001259e+00 1.790397414189684788e+00
8.297876000000000474e+00 1.695768395310467413e+00
8.480144000000001014e+00 1.581942396027361974e+00
8.664404000000001105e+00 1.463667522299689994e+00
8.850656000000000745e+00 1.387318927329491247e+00
9.038899999999999935e+00 1.296730003824245303e+00
9.229136000000000450e+00 1.190723874093357670e+00
9.421363999999998740e+00 1.128308816824673100e+00
9.615583999999998355e+00 1.054879135051799643e+00
9.811795999999999296e+00 9.648185446386863262e-01
1.000999999999999979e+01 9.133647902963879517e-01
