# Energy [MeV] 	-	 Rate [MeV^-1 s^-1]
1.000000000000000056e-01 2.721741564847325479e-16
2.489999999999999991e-01 1.410723324277454545e-06
3.980000000000000204e-01 8.791820130221304519e-06
5.469999999999999307e-01 4.780992750086885556e-05
6.959999999999999520e-01 1.495770931556397179e-04
8.449999999999999734e-01 2.728372978917823714e-04
9.939999999999998836e-01 5.111171675256704792e-04
1.143000000000000016e+00 8.245078716103269216e-04
1.292000000000000037e+00 1.176226935725660635e-03
1.441000000000000059e+00 1.442308110929476977e-03
1.590000000000000080e+00 1.869500915376759919e-03
1.739000000000000101e+00 2.283846859561375602e-03
1.887999999999999901e+00 2.629122492180682724e-03
2.036999999999999922e+00 2.787693695892423922e-03
2.185999999999999943e+00 3.141046055600708702e-03
2.334999999999999964e+00 3.433859140070626148e-03
2.483999999999999986e+00 3.625556343700765162e-03
2.633000000000000007e+00 3.629709687272338493e-03
2.782000000000000028e+00 3.838791896421742209e-03
2.931000000000000050e+00 3.972471427411750945e-03
3.080000000000000071e+00 4.008134207160778117e-03
3.229000000000000092e+00 3.889076425463098771e-03
3.378000000000000114e+00 3.972389834884409651e-03
3.527000000000000135e+00 3.991691029326661228e-03
3.675999999999999712e+00 3.928931221585460140e-03
3.824999999999999734e+00 3.744138117303564151e-03
3.973999999999999755e+00 3.742881283894023726e-03
4.122999999999999332e+00 3.693710050265884125e-03
4.271999999999999353e+00 3.583332212967784303e-03
4.420999999999999375e+00 3.381251957973522605e-03
4.569999999999999396e+00 3.337335153285579410e-03
4.718999999999999417e+00 3.256932238814317423e-03
4.867999999999999439e+00 3.130286655028831876e-03
5.016999999999999460e+00 2.934262551241490369e-03
5.165999999999999481e+00 2.870801070264666563e-03
5.314999999999999503e+00 2.780837546375526399e-03
5.463999999999999524e+00 2.656884126142340912e-03
5.612999999999999545e+00 2.480128983254716209e-03
5.761999999999999567e+00 2.411969642672167138e-03
5.910999999999999588e+00 2.324550885661321072e-03
6.059999999999999609e+00 2.212340345938315894e-03
6.208999999999999631e+00 2.059791496711890421e-03
6.357999999999999652e+00 1.995299061173125017e-03
6.506999999999999673e+00 1.916766712021875574e-03
6.655999999999999694e+00 1.819876220803007391e-03
6.804999999999999716e+00 1.691539214768840015e-03
6.953999999999999737e+00 1.633962431696928943e-03
7.102999999999999758e+00 1.566098372716276171e-03
7.251999999999998892e+00 1.484647876887491618e-03
7.400999999999998913e+00 1.378498396037992034e-03
7.549999999999998934e+00 1.328975017912422231e-03
7.698999999999998956e+00 1.271809082852969541e-03
7.847999999999998977e+00 1.204484649003596548e-03
7.996999999999998998e+00 1.117581303869151282e-03
8.145999999999999019e+00 1.075924689028857212e-03
8.294999999999999929e+00 1.028585958249347105e-03
8.443999999999999062e+00 9.736273450578529715e-04
8.592999999999999972e+00 9.030259486211516910e-04
8.741999999999999105e+00 8.685343296618627112e-04
8.891000000000000014e+00 8.297801705016550180e-04
9.039999999999999147e+00 7.852802063894158283e-04
9.189000000000000057e+00 7.282135993677180162e-04
9.337999999999999190e+00 6.999874477723807024e-04
9.487000000000000099e+00 6.685470822150028393e-04
9.635999999999999233e+00 6.327446708390442251e-04
9.784999999999998366e+00 5.867812738750410049e-04
9.933999999999999275e+00 5.638778693940725301e-04
1.008299999999999841e+01 5.385356829112825702e-04
1.023199999999999932e+01 5.098595182473505093e-04
1.038099999999999845e+01 4.729130602289099029e-04
1.052999999999999936e+01 4.544203916848218137e-04
1.067899999999999849e+01 4.340363741377982736e-04
1.082799999999999940e+01 4.110645543004959042e-04
1.097699999999999854e+01 3.813214572198579525e-04
1.112599999999999945e+01 3.663769406881254480e-04
1.127499999999999858e+01 3.499633631925025586e-04
1.142399999999999949e+01 3.315430299680820593e-04
1.157299999999999862e+01 3.075758845656102487e-04
1.172199999999999953e+01 2.955122668220500765e-04
1.187099999999999866e+01 2.823114438085790132e-04
1.201999999999999957e+01 2.675540220915945924e-04
1.216899999999999871e+01 2.482431188567874101e-04
1.231799999999999962e+01 2.385238876042007573e-04
1.246699999999999875e+01 2.279137651767257713e-04
1.261599999999999966e+01 2.160819274907369567e-04
1.276499999999999879e+01 2.004936128314564183e-04
1.291399999999999970e+01 1.926444974721901854e-04
1.306299999999999883e+01 1.840920735274484377e-04
1.321199999999999974e+01 1.745802404198858757e-04
1.336099999999999888e+01 1.619740540711755202e-04
1.350999999999999979e+01 1.556346930638282593e-04
1.365899999999999892e+01 1.487520150863601547e-04
1.380799999999999983e+01 1.411258169922630415e-04
1.395699999999999896e+01 1.309528525987765620e-04
1.410599999999999987e+01 1.258665110601660058e-04
1.425499999999999901e+01 1.203546351438250598e-04
1.440399999999999814e+01 1.142531417890720930e-04
1.455299999999999905e+01 1.060344384980828911e-04
1.470199999999999818e+01 1.019383827664105120e-04
1.485099999999999909e+01 9.749395875935592019e-05
1.500000000000000000e+01 9.257287084488416754e-05
