# Energy [MeV] 	-	 Rate [MeV^-1 s^-1]
5.000000000000000278e-02 1.536336398568485557e-27
5.099599999999999966e-02 6.641185129338980732e-30
5.398400000000000420e-02 1.667647817771205438e-30
5.896400000000000252e-02 8.224123221714106572e-20
6.593599999999999461e-02 1.305416178395792978e-08
7.490000000000000824e-02 1.685525192629815909e-07
8.585600000000000176e-02 3.667297741214056920e-09
9.880400000000000293e-02 4.878486345305229045e-06
1.137439999999999979e-01 1.363618917648651762e-03
1.306759999999999866e-01 7.039255481947427617e-03
1.496000000000000107e-01 2.580821347384970252e-03
1.705160000000000009e-01 3.098373531944194174e-03
1.934239999999999848e-01 1.573445216569446803e-02
2.183240000000000181e-01 7.264683566399192383e-02
2.452159999999999895e-01 1.603052179893257878e-01
2.740999999999999548e-01 2.067797466249421123e-01
3.049759999999999693e-01 2.275076540308963446e-01
3.378440000000000332e-01 3.094644156593262529e-01
3.727039999999999242e-01 4.977204501653509361e-01
4.095559999999999756e-01 8.009931907330607448e-01
4.484000000000000208e-01 1.133370337220458657e+00
4.892359999999998932e-01 1.468339667255796899e+00
5.320639999999999814e-01 1.879871659884698509e+00
5.768840000000000634e-01 2.434860879611551177e+00
6.236960000000000282e-01 3.090282350458279481e+00
6.724999999999999867e-01 3.813978840801075521e+00
7.232960000000000500e-01 3.285666173395533018e+00
7.760839999999999961e-01 3.968880632864296487e+00
8.308640000000000470e-01 4.732228168538178181e+00
8.876359999999998696e-01 5.584954117585468225e+00
9.463999999999999080e-01 6.516255188063287740e+00
1.007155999999999940e+00 7.506666872073717300e+00
1.069903999999999966e+00 8.536093807814522094e+00
1.134643999999999986e+00 9.583562887729021540e+00
1.201376000000000221e+00 1.069466418763181359e+01
1.270100000000000229e+00 1.167547138569744369e+01
1.340815999999999786e+00 1.052120351904564544e+01
1.413523999999999781e+00 1.155766899185950791e+01
1.488223999999999991e+00 1.257729235330469386e+01
1.564915999999999974e+00 1.356250735966768950e+01
1.643600000000000172e+00 1.448352707121374294e+01
1.724276000000000142e+00 1.530009676776489691e+01
1.806943999999999662e+00 1.610800867350108945e+01
1.891603999999999619e+00 1.656909504958487744e+01
1.978255999999999792e+00 1.520339319632221020e+01
2.066899999999999959e+00 1.587013068662063375e+01
2.157535999999999898e+00 1.644810499499719114e+01
2.250163999999999831e+00 1.691021128326050160e+01
2.344783999999999757e+00 1.721772310602683120e+01
2.441395999999999233e+00 1.749592195293981689e+01
2.539999999999999591e+00 1.592597716602808333e+01
2.640595999999999499e+00 1.626964803765204337e+01
2.743183999999999845e+00 1.649872735293237014e+01
2.847763999999999740e+00 1.659043763853163611e+01
2.954335999999999629e+00 1.668460993120133651e+01
3.062899999999999956e+00 1.640627707202545693e+01
3.173455999999999833e+00 1.504544804319579399e+01
3.286004000000000147e+00 1.507043037622726445e+01
3.400543999999999123e+00 1.498079507207865291e+01
3.517075999999998981e+00 1.475125658597287703e+01
3.635599999999999277e+00 1.450571910928511343e+01
3.756115999999999122e+00 1.321534939152807198e+01
3.878623999999999850e+00 1.308199657476271938e+01
4.003123999999999683e+00 1.285262648209292813e+01
4.129615999999999509e+00 1.250648378566538277e+01
4.258099999999999774e+00 1.214858063601389127e+01
4.388575999999999588e+00 1.113284176867411546e+01
4.521043999999999841e+00 1.090335884839218572e+01
4.655504000000000531e+00 1.058760508758768992e+01
4.791955999999999882e+00 1.027925845906803914e+01
4.930400000000000560e+00 9.288494377534730617e+00
5.070835999999999011e+00 9.059654456506795128e+00
5.213263999999998788e+00 8.765892029146408859e+00
5.357683999999999003e+00 8.485893682643386171e+00
5.504095999999998767e+00 7.624759590700739942e+00
5.652499999999998970e+00 7.403280534189235595e+00
5.802895999999999610e+00 7.130128228868565898e+00
5.955283999999998912e+00 6.869785781667708591e+00
6.109663999999999540e+00 6.172477643802156244e+00
6.266036000000000605e+00 5.963409622217423767e+00
6.424400000000000333e+00 5.711614863565120714e+00
6.584756000000000498e+00 5.467668476580236359e+00
6.747104000000000212e+00 4.937046433163640557e+00
6.911443999999999477e+00 4.741927303208824718e+00
7.077775999999998291e+00 4.509263344902350035e+00
7.246099999999998431e+00 4.276986725703107339e+00
7.416415999999998121e+00 3.902878428296273405e+00
7.588723999999999137e+00 3.721498141552054939e+00
7.763023999999998814e+00 3.546842476311576675e+00
7.939315999999998930e+00 3.192166574636486231e+00
8.117600000000001259e+00 3.047608204635801954e+00
8.297876000000000474e+00 2.877648877599303212e+00
8.480144000000001014e+00 2.704863980556133640e+00
8.664404000000001105e+00 2.481505317569363100e+00
8.850656000000000745e+00 2.345456291902285884e+00
9.038899999999999935e+00 2.209522682616215761e+00
9.229136000000000450e+00 2.011160197585772469e+00
9.421363999999998740e+00 1.900602171411461150e+00
9.615583999999998355e+00 1.791053728643676068e+00
9.811795999999999296e+00 1.623814732096999336e+00
1.000999999999999979e+01 1.533051167085444977e+00
