# Energy [MeV] 	-	 Rate [MeV^-1 s^-1]
1.000000000000000056e-01 1.549853961189686828e-06
2.489999999999999991e-01 2.517746950650339571e-02
3.980000000000000204e-01 1.036537327832963568e-01
5.469999999999999307e-01 3.047768586192619589e-01
6.959999999999999520e-01 6.171371100485403272e-01
8.449999999999999734e-01 7.311222539716326629e-01
9.939999999999998836e-01 1.079279084064477034e+00
1.143000000000000016e+00 1.438208498769153243e+00
1.292000000000000037e+00 1.770526350360401402e+00
1.441000000000000059e+00 1.767219107371782005e+00
1.590000000000000080e+00 2.052718010348749011e+00
1.739000000000000101e+00 2.284352426228249744e+00
1.887999999999999901e+00 2.450543182484210991e+00
2.036999999999999922e+00 2.317504745366157248e+00
2.185999999999999943e+00 2.457966422706263643e+00
2.334999999999999964e+00 2.545228459761181838e+00
2.483999999999999986e+00 2.585036477165969071e+00
2.633000000000000007e+00 2.405043992883045600e+00
2.782000000000000028e+00 2.449864960515921730e+00
2.931000000000000050e+00 2.449417644717125864e+00
3.080000000000000071e+00 2.418685365356570749e+00
3.229000000000000092e+00 2.230851865436429993e+00
3.378000000000000114e+00 2.221605553612921113e+00
3.527000000000000135e+00 2.179572017428332842e+00
3.675999999999999712e+00 2.119911361382843307e+00
3.824999999999999734e+00 1.946664660907946764e+00
3.973999999999999755e+00 1.911796426475892652e+00
4.122999999999999332e+00 1.854418673137397056e+00
4.271999999999999353e+00 1.788771622016587681e+00
4.420999999999999375e+00 1.640615137777532651e+00
4.569999999999999396e+00 1.598493127001731295e+00
4.718999999999999417e+00 1.540102060895089942e+00
4.867999999999999439e+00 1.478165840914696716e+00
5.016999999999999460e+00 1.355000927940285704e+00
5.165999999999999481e+00 1.313128097389613336e+00
5.314999999999999503e+00 1.259688294100457906e+00
5.463999999999999524e+00 1.205538789263322919e+00
5.612999999999999545e+00 1.105224428888680110e+00
5.761999999999999567e+00 1.067232759968951727e+00
5.910999999999999588e+00 1.020886615449391632e+00
6.059999999999999609e+00 9.753552435420476119e-01
6.208999999999999631e+00 8.946222205605638411e-01
6.357999999999999652e+00 8.619057190007277658e-01
6.506999999999999673e+00 8.230861855007882699e-01
6.655999999999999694e+00 7.857321935814397529e-01
6.804999999999999716e+00 7.211313941748441758e-01
6.953999999999999737e+00 6.936643738545756888e-01
7.102999999999999758e+00 6.616959204619665691e-01
7.251999999999998892e+00 6.314498176396403650e-01
7.400999999999998913e+00 5.799317559073662309e-01
7.549999999999998934e+00 5.572742208974237332e-01
7.698999999999998956e+00 5.312505623400108901e-01
7.847999999999998977e+00 5.069538904382790978e-01
7.996999999999998998e+00 4.659123416506289472e-01
8.145999999999999019e+00 4.474201367782313365e-01
8.294999999999999929e+00 4.263973064791122813e-01
8.443999999999999062e+00 4.069903669042247984e-01
8.592999999999999972e+00 3.743010326950983457e-01
8.741999999999999105e+00 3.593028204624866828e-01
8.891000000000000014e+00 3.423791087227472385e-01
9.039999999999999147e+00 3.269064023252872819e-01
9.189000000000000057e+00 3.008401195955874297e-01
9.337999999999999190e+00 2.887256552646379482e-01
9.487000000000000099e+00 2.751433301170687629e-01
9.635999999999999233e+00 2.628383411853293938e-01
9.784999999999998366e+00 2.420448854812640993e-01
9.933999999999999275e+00 2.323072379065278248e-01
1.008299999999999841e+01 2.214457364919708293e-01
1.023199999999999932e+01 2.116881007016742089e-01
1.038099999999999845e+01 1.950863681000905570e-01
1.052999999999999936e+01 1.872750070316490101e-01
1.067899999999999849e+01 1.785826891344350353e-01
1.082799999999999940e+01 1.708210486699452690e-01
1.097699999999999854e+01 1.575099045344956761e-01
1.112599999999999945e+01 1.512172985362107147e-01
1.127499999999999858e+01 1.442332220509326690e-01
1.142399999999999949e+01 1.380348868040588151e-01
1.157299999999999862e+01 1.273286110927001058e-01
1.172199999999999953e+01 1.222533191660637314e-01
1.187099999999999866e+01 1.166379289484224674e-01
1.201999999999999957e+01 1.116857893950184422e-01
1.216899999999999871e+01 1.030623553442580470e-01
1.231799999999999962e+01 9.897148571203527589e-02
1.246699999999999875e+01 9.445582350632203417e-02
1.261599999999999966e+01 9.049595846619501449e-02
1.276499999999999879e+01 8.353570125396943269e-02
1.291399999999999970e+01 8.023455109675287078e-02
1.306299999999999883e+01 7.659744363765584596e-02
1.321199999999999974e+01 7.342509282232202728e-02
1.336099999999999888e+01 6.779537027187741705e-02
1.350999999999999979e+01 6.512981595959117798e-02
1.365899999999999892e+01 6.219900855168587761e-02
1.380799999999999983e+01 5.965738574257097721e-02
1.395699999999999896e+01 5.509872808572393449e-02
1.410599999999999987e+01 5.294865852216951163e-02
1.425499999999999901e+01 5.058747340313714952e-02
1.440399999999999814e+01 4.854963904534537189e-02
1.455299999999999905e+01 4.484876006397168352e-02
1.470199999999999818e+01 4.310756919724181846e-02
1.485099999999999909e+01 4.119497113030329283e-02
1.500000000000000000e+01 3.954944219913001519e-02
