# Energy [MeV] 	-	 Rate [MeV^-1 s^-1]
1.000000000000000056e-01 9.897910746358867036e+05
4.000000000000000222e-01 8.312752321959681285e+04
6.999999999999999556e-01 3.143309433972332408e+04
9.999999999999998890e-01 1.419378858909853989e+04
1.300000000000000044e+00 8.260986813785742925e+03
1.600000000000000089e+00 4.968481144822041642e+03
1.899999999999999911e+00 3.342071860980733163e+03
2.200000000000000178e+00 2.274750401158170916e+03
2.500000000000000000e+00 1.648634651016106318e+03
2.799999999999999822e+00 1.202784519620605352e+03
3.100000000000000089e+00 9.128342202314441920e+02
3.399999999999999911e+00 6.963168458821293143e+02
3.699999999999999734e+00 5.453796100310491966e+02
4.000000000000000000e+00 4.291537244464503829e+02
4.299999999999999822e+00 3.439543117503921508e+02
4.599999999999999645e+00 2.769362621403010394e+02
4.899999999999999467e+00 2.258965106247804613e+02
5.199999999999999289e+00 1.851200578869366780e+02
5.499999999999999112e+00 1.531180157311186463e+02
5.799999999999999822e+00 1.272484203928252811e+02
6.099999999999999645e+00 1.064461141683821381e+02
6.399999999999999467e+00 8.947490055963832845e+01
6.699999999999999289e+00 7.555126303229053519e+01
6.999999999999999112e+00 6.410817000031727275e+01
7.299999999999998934e+00 5.456021078131924185e+01
7.599999999999999645e+00 4.666613431904117704e+01
7.899999999999999467e+00 3.998399096631229810e+01
8.199999999999999289e+00 3.443184238065382630e+01
8.500000000000000000e+00 2.967338000877872517e+01
8.799999999999998934e+00 2.570309240533370598e+01
9.099999999999999645e+00 2.226333467797820020e+01
9.399999999999998579e+00 1.938314126567501106e+01
9.699999999999999289e+00 1.686394409310914355e+01
1.000000000000000000e+01 1.474813405872715855e+01
1.029999999999999893e+01 1.288182964820822285e+01
1.059999999999999964e+01 1.131023555605870001e+01
1.089999999999999858e+01 9.913488844225433638e+00
1.119999999999999929e+01 8.734600862949374545e+00
1.150000000000000000e+01 7.679758779773439237e+00
1.179999999999999893e+01 6.787651992339510443e+00
1.209999999999999964e+01 5.984525531965944722e+00
1.239999999999999858e+01 5.304094638856377664e+00
1.269999999999999929e+01 4.688128162640265550e+00
1.300000000000000000e+01 4.165444522563782392e+00
1.329999999999999893e+01 3.689885740176676254e+00
1.359999999999999964e+01 3.285784235803931530e+00
1.389999999999999858e+01 2.916414714590292778e+00
1.419999999999999929e+01 2.602158579771182367e+00
1.449999999999999822e+01 2.313692218318090355e+00
1.479999999999999893e+01 2.067998671212377904e+00
1.509999999999999964e+01 1.841586135229609456e+00
1.539999999999999858e+01 1.648558190431074877e+00
1.569999999999999929e+01 1.470035742999185935e+00
1.599999999999999822e+01 1.317706472359368775e+00
1.630000000000000071e+01 1.176353116481057004e+00
1.660000000000000142e+01 1.055649414471843794e+00
1.690000000000000213e+01 9.432951498583607153e-01
1.719999999999999929e+01 8.472925409000248154e-01
1.750000000000000000e+01 7.576727593268814953e-01
1.780000000000000071e+01 6.810542961298449161e-01
1.810000000000000142e+01 6.093374081071173398e-01
1.840000000000000213e+01 5.479975057613627465e-01
1.869999999999999929e+01 4.904377386026993468e-01
1.900000000000000000e+01 4.411896457070339506e-01
1.930000000000000071e+01 3.948682098911669991e-01
1.960000000000000142e+01 3.552262460956919221e-01
1.990000000000000213e+01 3.178584678858711876e-01
2.019999999999999929e+01 2.858750966245679481e-01
2.050000000000000000e+01 2.556649305132474570e-01
2.080000000000000071e+01 2.298078289399365093e-01
2.110000000000000142e+01 2.053377511029813030e-01
2.140000000000000213e+01 1.843966015666450853e-01
2.169999999999999929e+01 1.645437106620579459e-01
2.200000000000000000e+01 1.475590826135601552e-01
2.230000000000000071e+01 1.314308172090150884e-01
2.260000000000000142e+01 1.176395835595166334e-01
2.290000000000000213e+01 1.045241470936524031e-01
2.319999999999999929e+01 9.331741808007551486e-02
2.350000000000000000e+01 8.264551733079135432e-02
2.380000000000000071e+01 7.353612979985461873e-02
2.410000000000000142e+01 6.485128742094484200e-02
2.440000000000000213e+01 5.744866650644128020e-02
2.469999999999999929e+01 5.038436986391951755e-02
2.500000000000000000e+01 4.437469853402446068e-02
2.530000000000000071e+01 3.863569330383334610e-02
2.560000000000000142e+01 3.376651846310790156e-02
2.590000000000000213e+01 2.911527360419483013e-02
2.619999999999999929e+01 2.518356072516531735e-02
2.650000000000000000e+01 2.142875148962636658e-02
2.680000000000000071e+01 1.827145502495017629e-02
2.710000000000000142e+01 1.525966955150116766e-02
2.740000000000000213e+01 1.274671749191699614e-02
2.769999999999999929e+01 1.035602630265733404e-02
2.800000000000000000e+01 8.385207526045910381e-03
2.830000000000000071e+01 6.520803918854602144e-03
2.860000000000000142e+01 5.014807400351474660e-03
2.889999999999999858e+01 3.607404086621118517e-03
2.919999999999999929e+01 2.514091679082983838e-03
2.950000000000000000e+01 1.522670488352541839e-03
2.980000000000000071e+01 8.231438636558242958e-04
3.010000000000000142e+01 2.525141242331219605e-04
