# Energy [MeV] 	-	 Rate [MeV^-1 s^-1]
5.000000000000000278e-02 1.819318878409804218e-27
5.099599999999999966e-02 7.864445242642764191e-30
5.398400000000000420e-02 1.974816947796734614e-30
5.896400000000000252e-02 9.738949522757098969e-20
6.593599999999999461e-02 1.545864759664596111e-08
7.490000000000000824e-02 1.995987210772333176e-07
8.585600000000000176e-02 4.342788480151294130e-09
9.880400000000000293e-02 5.777069601649863453e-06
1.137439999999999979e-01 1.614788038704619835e-03
1.306759999999999866e-01 8.335837385737596833e-03
1.496000000000000107e-01 3.056190690707765150e-03
1.705160000000000009e-01 3.669072388237147944e-03
1.934239999999999848e-01 1.863262882605444190e-02
2.183240000000000181e-01 8.602787755558316540e-02
2.452159999999999895e-01 1.898323242665642396e-01
2.740999999999999548e-01 2.448671378599652781e-01
3.049759999999999693e-01 2.694129816535000277e-01
3.378440000000000332e-01 3.664656087883289004e-01
3.727039999999999242e-01 5.893970955841275616e-01
4.095559999999999756e-01 9.485305657902745047e-01
4.484000000000000208e-01 1.342129271073794428e+00
4.892359999999998932e-01 1.738797622086894368e+00
5.320639999999999814e-01 2.226130945672137429e+00
5.768840000000000634e-01 2.883345319883283242e+00
6.236960000000000282e-01 3.659490867393339730e+00
6.724999999999999867e-01 4.516487218157629435e+00
7.232960000000000500e-01 3.890863031677695982e+00
7.760839999999999961e-01 4.699920843021780037e+00
8.308640000000000470e-01 5.603871685905579270e+00
8.876359999999998696e-01 6.613663824305240801e+00
9.463999999999999080e-01 7.716504075035652832e+00
1.007155999999999940e+00 8.889342703214154540e+00
1.069903999999999966e+00 1.010838292115201575e+01
1.134643999999999986e+00 1.134878852074250943e+01
1.201376000000000221e+00 1.266454695269943365e+01
1.270100000000000229e+00 1.382601201541858771e+01
1.340815999999999786e+00 1.245913603532842018e+01
1.413523999999999781e+00 1.368651123991724106e+01
1.488223999999999991e+00 1.489394213335519446e+01
1.564915999999999974e+00 1.606062689200504323e+01
1.643600000000000172e+00 1.715129202899233007e+01
1.724276000000000142e+00 1.811826818464224331e+01
1.806943999999999662e+00 1.907499184462161779e+01
1.891603999999999619e+00 1.962100712445770867e+01
1.978255999999999792e+00 1.800375248788532900e+01
2.066899999999999959e+00 1.879329838693031363e+01
2.157535999999999898e+00 1.947773154326587886e+01
2.250163999999999831e+00 2.002495459601169614e+01
2.344783999999999757e+00 2.038910795787588981e+01
2.441395999999999233e+00 2.071854909759776930e+01
2.539999999999999591e+00 1.885943139944862423e+01
2.640595999999999499e+00 1.926640405549430213e+01
2.743183999999999845e+00 1.953767818746881346e+01
2.847763999999999740e+00 1.964628086985698019e+01
2.954335999999999629e+00 1.975779904389544583e+01
3.062899999999999956e+00 1.942819920778384812e+01
3.173455999999999833e+00 1.781671493601578149e+01
3.286004000000000147e+00 1.784629884104675313e+01
3.400543999999999123e+00 1.774015333726154964e+01
3.517075999999998981e+00 1.746833545838882173e+01
3.635599999999999277e+00 1.717757168613731267e+01
3.756115999999999122e+00 1.564952484051737969e+01
3.878623999999999850e+00 1.549160936233406360e+01
4.003123999999999683e+00 1.521999089379711556e+01
4.129615999999999509e+00 1.481009112000983308e+01
4.258099999999999774e+00 1.438626469930546037e+01
4.388575999999999588e+00 1.318343379677143190e+01
4.521043999999999841e+00 1.291168171856094915e+01
4.655504000000000531e+00 1.253776831099219180e+01
4.791955999999999882e+00 1.217262637796084590e+01
4.930400000000000560e+00 1.099937044308652290e+01
5.070835999999999011e+00 1.072837980012070602e+01
5.213263999999998788e+00 1.038050837667323023e+01
5.357683999999999003e+00 1.004893628205170053e+01
5.504095999999998767e+00 9.029187279311617687e+00
5.652499999999998970e+00 8.766913320913458207e+00
5.802895999999999610e+00 8.443448260647953063e+00
5.955283999999998912e+00 8.135152545279082048e+00
6.109663999999999540e+00 7.309405097994950751e+00
6.266036000000000605e+00 7.061828200841870462e+00
6.424400000000000333e+00 6.763654598805496576e+00
6.584756000000000498e+00 6.474774983914532100e+00
6.747104000000000212e+00 5.846416050423306032e+00
6.911443999999999477e+00 5.615357333727933664e+00
7.077775999999998291e+00 5.339838292411886123e+00
7.246099999999998431e+00 5.064777935372820394e+00
7.416415999999998121e+00 4.621761491398553190e+00
7.588723999999999137e+00 4.406972217283431803e+00
7.763023999999998814e+00 4.200146193185275045e+00
7.939315999999998930e+00 3.780141457089881474e+00
8.117600000000001259e+00 3.608956440696697410e+00
8.297876000000000474e+00 3.407691787638005287e+00
8.480144000000001014e+00 3.203081114228425896e+00
8.664404000000001105e+00 2.938581338914358909e+00
8.850656000000000745e+00 2.777473028901002561e+00
9.038899999999999935e+00 2.616501394163341043e+00
9.229136000000000450e+00 2.381601918943952789e+00
9.421363999999998740e+00 2.250679873247430685e+00
9.615583999999998355e+00 2.120953369199527039e+00
9.811795999999999296e+00 1.922910112587767006e+00
1.000999999999999979e+01 1.815428530135414498e+00
