# Energy [MeV] 	-	 Rate [MeV^-1 s^-1]
1.000000000000000021e-02 2.214046311595051885e+08
1.599000000000000143e-01 1.834851642916926183e+06
3.098000000000000198e-01 7.231583447570595890e+05
4.596999999999999975e-01 3.858270273577719927e+05
6.096000000000000307e-01 2.322019463082031580e+05
7.595000000000000639e-01 1.301157283270402404e+05
9.093999999999999861e-01 9.485769474912062287e+04
1.059300000000000130e+00 7.081083319792669499e+04
1.209200000000000053e+00 5.317807261268752336e+04
1.359099999999999975e+00 3.779168538298598287e+04
1.509000000000000119e+00 3.081380729315932331e+04
1.658900000000000041e+00 2.516741321931618950e+04
1.808799999999999963e+00 2.038697264333940257e+04
1.958700000000000108e+00 1.588105855590327155e+04
2.108600000000000030e+00 1.359360475752002822e+04
2.258499999999999730e+00 1.158892320503807059e+04
2.408399999999999874e+00 9.765203108529587553e+03
2.558300000000000018e+00 7.986745750277164916e+03
2.708199999999999719e+00 7.026474868980532847e+03
2.858099999999999863e+00 6.144307578256851230e+03
3.008000000000000007e+00 5.306061845475530390e+03
3.157899999999999707e+00 4.472656444681245375e+03
3.307799999999999851e+00 4.005233654726648183e+03
3.457699999999999996e+00 3.562140622494559921e+03
3.607599999999999696e+00 3.128584453428564757e+03
3.757499999999999840e+00 2.691798506970824747e+03
3.907399999999999984e+00 2.440649561053403886e+03
4.057299999999999685e+00 2.197157302238289958e+03
4.207200000000000273e+00 1.953821989598686741e+03
4.357099999999999973e+00 1.706130670280301956e+03
4.506999999999999673e+00 1.561296467586578046e+03
4.656900000000000261e+00 1.418477359469076873e+03
4.806799999999999962e+00 1.273457415580978704e+03
4.956699999999999662e+00 1.124530078203848916e+03
5.106600000000000250e+00 1.036444172328215927e+03
5.256499999999999950e+00 9.484258342666510089e+02
5.406399999999999650e+00 8.579315104296886147e+02
5.556300000000000239e+00 7.642478460275777934e+02
5.706199999999999939e+00 7.084078189593578827e+02
5.856099999999999639e+00 6.520140914578032607e+02
6.006000000000000227e+00 5.934522999469547813e+02
6.155899999999999928e+00 5.323636944507519502e+02
6.305799999999999628e+00 4.957691792788426142e+02
6.455700000000000216e+00 4.584879664791650384e+02
6.605599999999999916e+00 4.194558587567816517e+02
6.755499999999999616e+00 3.784391017433785578e+02
6.905400000000000205e+00 3.537950298023566233e+02
7.055299999999999905e+00 3.285050332193561644e+02
7.205199999999999605e+00 3.018466696177115409e+02
7.355100000000000193e+00 2.736302010225228969e+02
7.504999999999999893e+00 2.566526110964363738e+02
7.654900000000000482e+00 2.391223139309417434e+02
7.804800000000000182e+00 2.205372221917738216e+02
7.954699999999999882e+00 2.007253002769995192e+02
8.104599999999999582e+00 1.888020190320663687e+02
8.254500000000000171e+00 1.764253960347440966e+02
8.404400000000000759e+00 1.632397126729217689e+02
8.554299999999999571e+00 1.490838786306576083e+02
8.704200000000000159e+00 1.405709029171638917e+02
8.854100000000000747e+00 1.316937826257684492e+02
9.003999999999999559e+00 1.221964132390850040e+02
9.153900000000000148e+00 1.119282171112760409e+02
9.303800000000000736e+00 1.057625793870817432e+02
9.453699999999999548e+00 9.930750931846127116e+01
9.603600000000000136e+00 9.237608175178523595e+01
9.753500000000000725e+00 8.482926638847517609e+01
9.903399999999999537e+00 8.030750580193435439e+01
1.005330000000000013e+01 7.555684052854081756e+01
1.020320000000000071e+01 7.043921853932386057e+01
1.035309999999999953e+01 6.482803391165285234e+01
1.050300000000000011e+01 6.147508153035278156e+01
1.065290000000000070e+01 5.794142612170006146e+01
1.080279999999999951e+01 5.412405464215009943e+01
1.095270000000000010e+01 4.990910060614822896e+01
1.110260000000000069e+01 4.739837057858064640e+01
1.125249999999999950e+01 4.474498580105472456e+01
1.140240000000000009e+01 4.187137729678018871e+01
1.155230000000000068e+01 3.867619416826008916e+01
1.170219999999999949e+01 3.677961449037994157e+01
1.185210000000000008e+01 3.477028850507869606e+01
1.200200000000000067e+01 3.258933250535360315e+01
1.215189999999999948e+01 3.014729088297438508e+01
1.230180000000000007e+01 2.870333964198945509e+01
1.245170000000000066e+01 2.717011829786747867e+01
1.260159999999999947e+01 2.550260226831841948e+01
1.275150000000000006e+01 2.362236380870118424e+01
1.290140000000000065e+01 2.251520540346281862e+01
1.305129999999999946e+01 2.133720831848112098e+01
1.320120000000000005e+01 2.005371929339334969e+01
1.335110000000000063e+01 1.859634495899041795e+01
1.350099999999999945e+01 1.774196344757815424e+01
1.365090000000000003e+01 1.683123201869646124e+01
1.380080000000000062e+01 1.583732098094875873e+01
1.395069999999999943e+01 1.470083912739398535e+01
1.410060000000000002e+01 1.403767103992749909e+01
1.425050000000000061e+01 1.332956389239353179e+01
1.440039999999999942e+01 1.255563249154051242e+01
1.455030000000000001e+01 1.166447493986747119e+01
1.470020000000000060e+01 1.114698839135190944e+01
1.485010000000000119e+01 1.059356998801738392e+01
1.500000000000000000e+01 9.987881109951405989e+00
