# Energy [MeV] 	-	 Rate [MeV^-1 s^-1]
1.000000000000000056e-01 6.010128816203271708e+04
4.000000000000000222e-01 4.673991836704789421e+03
6.999999999999999556e-01 1.757707892059883761e+03
9.999999999999998890e-01 7.806311580973318769e+02
1.300000000000000044e+00 4.525694263647895355e+02
1.600000000000000089e+00 2.701304976584216888e+02
1.899999999999999911e+00 1.811893227183372233e+02
2.200000000000000178e+00 1.227722524253711072e+02
2.500000000000000000e+00 8.878555473281821264e+01
2.799999999999999822e+00 6.457918111727671828e+01
3.100000000000000089e+00 4.892576328076476955e+01
3.399999999999999911e+00 3.723873817741378645e+01
3.699999999999999734e+00 2.912472690551583554e+01
4.000000000000000000e+00 2.287912453310614680e+01
4.299999999999999822e+00 1.831475319858638429e+01
4.599999999999999645e+00 1.472624947358315417e+01
4.899999999999999467e+00 1.199972383688235666e+01
5.199999999999999289e+00 9.822739217732863182e+00
5.499999999999999112e+00 8.117350371169672840e+00
5.799999999999999822e+00 6.739628083657286162e+00
6.099999999999999645e+00 5.633393479451370034e+00
6.399999999999999467e+00 4.731479630434729522e+00
6.699999999999999289e+00 3.992395556616897156e+00
6.999999999999999112e+00 3.385384555402159545e+00
7.299999999999998934e+00 2.879384428182189648e+00
7.599999999999999645e+00 2.461310989538335825e+00
7.899999999999999467e+00 2.107694861282578547e+00
8.199999999999999289e+00 1.814071863848888189e+00
8.500000000000000000e+00 1.562579992908695870e+00
8.799999999999998934e+00 1.352881605262548526e+00
9.099999999999999645e+00 1.171296025944721375e+00
9.399999999999998579e+00 1.019347980623122041e+00
9.699999999999999289e+00 8.864986532274620190e-01
1.000000000000000000e+01 7.749925319912297494e-01
1.029999999999999893e+01 6.766673446324550367e-01
1.059999999999999964e+01 5.939202216504069209e-01
1.089999999999999858e+01 5.203975078330147497e-01
1.119999999999999929e+01 4.583802762456340996e-01
1.150000000000000000e+01 4.028991393986293135e-01
1.179999999999999893e+01 3.560051962895891542e-01
1.209999999999999964e+01 3.137942532498019799e-01
1.239999999999999858e+01 2.780526986999531935e-01
1.269999999999999929e+01 2.457001941437005066e-01
1.300000000000000000e+01 2.182626929861697374e-01
1.329999999999999893e+01 1.933001380419022142e-01
1.359999999999999964e+01 1.721000885880783760e-01
1.389999999999999858e+01 1.527223830339002886e-01
1.419999999999999929e+01 1.362447944771214836e-01
1.449999999999999822e+01 1.211191486828702146e-01
1.479999999999999893e+01 1.082429287487463587e-01
1.509999999999999964e+01 9.637659818521615573e-02
1.539999999999999858e+01 8.626500362221548035e-02
1.569999999999999929e+01 7.691256616800522250e-02
1.599999999999999822e+01 6.893616895111365217e-02
1.630000000000000071e+01 6.153377672550164323e-02
1.660000000000000142e+01 5.521567945983758136e-02
1.690000000000000213e+01 4.933392546909389637e-02
1.719999999999999929e+01 4.431039779717790839e-02
1.750000000000000000e+01 3.962022002297747175e-02
1.780000000000000071e+01 3.561213904548435338e-02
1.810000000000000142e+01 3.185989249475056073e-02
1.840000000000000213e+01 2.865184902272992912e-02
1.869999999999999929e+01 2.564099666671672620e-02
1.900000000000000000e+01 2.306587850765698389e-02
1.930000000000000071e+01 2.064335158617764537e-02
1.960000000000000142e+01 1.857087503493250885e-02
1.990000000000000213e+01 1.661691629778898685e-02
2.019999999999999929e+01 1.494505117261242522e-02
2.050000000000000000e+01 1.336555802088036475e-02
2.080000000000000071e+01 1.201406179838274135e-02
2.110000000000000142e+01 1.073479496003250377e-02
2.140000000000000213e+01 9.640313113399934589e-03
2.169999999999999929e+01 8.602486276666843415e-03
2.200000000000000000e+01 7.714815949213601684e-03
2.230000000000000071e+01 6.871718419258098474e-03
2.260000000000000142e+01 6.150942316837246931e-03
2.290000000000000213e+01 5.465335779871875396e-03
2.319999999999999929e+01 4.879614484910094717e-03
2.350000000000000000e+01 4.321724836390167940e-03
2.380000000000000071e+01 3.845591456472543124e-03
2.410000000000000142e+01 3.391551422579513076e-03
2.440000000000000213e+01 3.004593596304111838e-03
2.469999999999999929e+01 2.635244537561246513e-03
2.500000000000000000e+01 2.321065185150716133e-03
2.530000000000000071e+01 2.020976599993712982e-03
2.560000000000000142e+01 1.766387543243492847e-03
2.590000000000000213e+01 1.523148031994620271e-03
2.619999999999999929e+01 1.317544538198119454e-03
2.650000000000000000e+01 1.121158631284234876e-03
2.680000000000000071e+01 9.560258663597141077e-04
2.710000000000000142e+01 7.984799198277802920e-04
2.740000000000000213e+01 6.670259368829565411e-04
2.769999999999999929e+01 5.419516450355242772e-04
2.800000000000000000e+01 4.388400382832917043e-04
2.830000000000000071e+01 3.412759407485414461e-04
2.860000000000000142e+01 2.624712273317645391e-04
2.889999999999999858e+01 1.888122890028423628e-04
2.919999999999999929e+01 1.315943595576765613e-04
2.950000000000000000e+01 7.970080758932078795e-05
2.980000000000000071e+01 4.308756600323731682e-05
3.010000000000000142e+01 1.321686681465396167e-05
