# Energy [MeV] 	-	 Rate [MeV^-1 s^-1]
1.000000000000000021e-02 3.656534815195946023e+06
1.599000000000000143e-01 3.546367629116667376e+04
3.098000000000000198e-01 1.392889023560342503e+04
4.596999999999999975e-01 7.442019024838840778e+03
6.096000000000000307e-01 4.496957103955372077e+03
7.595000000000000639e-01 2.568591479330496441e+03
9.093999999999999861e-01 1.873187411630617817e+03
1.059300000000000130e+00 1.400164206506685105e+03
1.209200000000000053e+00 1.054365186711461774e+03
1.359099999999999975e+00 7.554303397464215095e+02
1.509000000000000119e+00 6.161325377344282970e+02
1.658900000000000041e+00 5.037041857728174818e+02
1.808799999999999963e+00 4.088172823472768869e+02
1.958700000000000108e+00 3.199503028968065905e+02
2.108600000000000030e+00 2.739292623957749697e+02
2.258499999999999730e+00 2.336984647998452829e+02
2.408399999999999874e+00 1.972095522122415616e+02
2.558300000000000018e+00 1.617940469729802828e+02
2.708199999999999719e+00 1.423667171776881730e+02
2.858099999999999863e+00 1.245625578155719779e+02
3.008000000000000007e+00 1.076926282584906147e+02
3.157899999999999707e+00 9.098230155992656876e+01
3.307799999999999851e+00 8.148560431061477516e+01
3.457699999999999996e+00 7.250395072502247729e+01
3.607599999999999696e+00 6.373878228107565036e+01
3.757499999999999840e+00 5.493538960945232219e+01
3.907399999999999984e+00 4.981544280291787175e+01
4.057299999999999685e+00 4.486248518037572808e+01
4.207200000000000273e+00 3.992491861209883552e+01
4.357099999999999973e+00 3.491222817389464694e+01
4.506999999999999673e+00 3.195137104934629235e+01
4.656900000000000261e+00 2.903782835909517956e+01
4.806799999999999962e+00 2.608622961076365243e+01
4.956699999999999662e+00 2.306221727248333409e+01
5.106600000000000250e+00 2.125722608919975798e+01
5.256499999999999950e+00 1.945723678116135957e+01
5.406399999999999650e+00 1.761064660865503129e+01
5.556300000000000239e+00 1.570307055501407412e+01
5.706199999999999939e+00 1.455652308863381528e+01
5.856099999999999639e+00 1.340083493673571979e+01
6.006000000000000227e+00 1.220319215920839184e+01
6.155899999999999928e+00 1.095636689746936199e+01
6.305799999999999628e+00 1.020365858998709285e+01
6.455700000000000216e+00 9.438245595503767404e+00
6.605599999999999916e+00 8.638456687569936676e+00
6.755499999999999616e+00 7.799590046125707943e+00
6.905400000000000205e+00 7.291902847106629615e+00
7.055299999999999905e+00 6.771839833558628285e+00
7.205199999999999605e+00 6.224663220253860096e+00
7.355100000000000193e+00 5.646556508367132743e+00
7.504999999999999893e+00 5.296322834222670473e+00
7.654900000000000482e+00 4.935312121042480626e+00
7.804800000000000182e+00 4.553264730388354664e+00
7.954699999999999882e+00 4.146714443006707107e+00
8.104599999999999582e+00 3.900443501456980488e+00
8.254500000000000171e+00 3.645237128158431261e+00
8.404400000000000759e+00 3.373815226533340095e+00
8.554299999999999571e+00 3.082924540383862766e+00
8.704200000000000159e+00 2.906896769964092186e+00
8.854100000000000747e+00 2.723638004061176066e+00
9.003999999999999559e+00 2.527899197884006188e+00
9.153900000000000148e+00 2.316632179123442103e+00
9.303800000000000736e+00 2.189013421770072299e+00
9.453699999999999548e+00 2.055615399718776271e+00
9.603600000000000136e+00 1.912601745153310384e+00
9.753500000000000725e+00 1.757151847273257461e+00
9.903399999999999537e+00 1.663473124427600869e+00
1.005330000000000013e+01 1.565203961781861830e+00
1.020320000000000071e+01 1.459507455419138955e+00
1.035309999999999953e+01 1.343809972562233224e+00
1.050300000000000011e+01 1.274287927405816756e+00
1.065290000000000070e+01 1.201129398720981234e+00
1.080279999999999951e+01 1.122215018246701446e+00
1.095270000000000010e+01 1.035226025146145146e+00
1.110260000000000069e+01 9.831274827040323849e-01
1.125249999999999950e+01 9.281497939036421618e-01
1.140240000000000009e+01 8.686953118458302647e-01
1.155230000000000068e+01 8.026968735064037297e-01
1.170219999999999949e+01 7.633147843309652236e-01
1.185210000000000008e+01 7.216515576523985231e-01
1.200200000000000067e+01 6.764931463697657632e-01
1.215189999999999948e+01 6.260124064685071987e-01
1.230180000000000007e+01 5.960099745802287519e-01
1.245170000000000066e+01 5.641975310237365981e-01
1.260159999999999947e+01 5.296458749190207094e-01
1.275150000000000006e+01 4.907510442790912197e-01
1.290140000000000065e+01 4.677331215530431408e-01
1.305129999999999946e+01 4.432762092618839356e-01
1.320120000000000005e+01 4.166644971188422364e-01
1.335110000000000063e+01 3.864976015848955448e-01
1.350099999999999945e+01 3.687255154146159564e-01
1.365090000000000003e+01 3.498068593148176975e-01
1.380080000000000062e+01 3.291869563722259473e-01
1.395069999999999943e+01 3.056484430180997358e-01
1.410060000000000002e+01 2.918471610323568610e-01
1.425050000000000061e+01 2.771301300741658147e-01
1.440039999999999942e+01 2.610652223591335974e-01
1.455030000000000001e+01 2.425977967159070048e-01
1.470020000000000060e+01 2.318236183853076282e-01
1.485010000000000119e+01 2.203162520781872524e-01
1.500000000000000000e+01 2.077373846366163124e-01
