# Energy [MeV] 	-	 Rate [MeV^-1 s^-1]
1.000000000000000056e-01 1.115418124224620501e-07
1.000624999999999987e-01 1.076470396987384359e-07
1.002500000000000058e-01 1.208198780515709129e-07
1.005624999999999991e-01 1.460827393951079462e-07
1.010000000000000064e-01 1.895618231351340020e-07
1.015625000000000000e-01 2.626291597271713628e-07
1.022500000000000075e-01 3.859576061023666789e-07
1.030625000000000013e-01 5.969879416823533803e-07
1.040000000000000091e-01 9.632963512429895607e-07
1.050625000000000031e-01 1.605610660794754763e-06
1.062500000000000111e-01 2.735120748403523700e-06
1.075625000000000053e-01 4.708416213096573553e-06
1.089999999999999997e-01 8.096014429590048874e-06
1.105625000000000080e-01 1.374153306329931840e-05
1.122500000000000026e-01 2.275531286631857453e-05
1.140625000000000111e-01 3.634967194916776935e-05
1.160000000000000059e-01 5.542145302398396420e-05
1.180625000000000147e-01 7.988240026859335415e-05
1.202499999999999958e-01 1.079581677616340510e-04
1.225625000000000048e-01 1.359216794112148711e-04
1.250000000000000000e-01 1.587389005379480150e-04
1.275624999999999953e-01 1.716680949371428202e-04
1.302500000000000047e-01 1.721344062412635313e-04
1.330625000000000002e-01 1.608016488726986758e-04
1.360000000000000098e-01 1.411743218656296491e-04
1.390625000000000056e-01 1.180342553094114043e-04
1.422500000000000153e-01 9.571311430856823625e-05
1.455625000000000113e-01 7.708872735082287272e-05
1.490000000000000213e-01 6.354543630079969034e-05
1.525624999999999898e-01 5.547171681036471811e-05
1.562500000000000000e-01 5.200806484309321661e-05
1.600624999999999964e-01 5.236490898917427721e-05
1.640000000000000069e-01 5.652878385357004948e-05
1.680625000000000036e-01 6.522071662361593307e-05
1.722500000000000142e-01 8.003711760393503313e-05
1.765625000000000111e-01 9.820777564645490510e-05
1.809999999999999942e-01 1.334400044848101975e-04
1.855625000000000191e-01 1.879059104925862034e-04
1.902500000000000024e-01 2.706832685793651521e-04
1.950625000000000275e-01 3.927713896647450076e-04
2.000000000000000111e-01 5.638086451957767488e-04
2.050625000000000364e-01 7.870599278645186176e-04
2.102499999999999925e-01 1.064237816179807545e-03
2.155624999999999902e-01 1.393587522079307688e-03
2.210000000000000020e-01 1.767445809670163464e-03
2.265625000000000278e-01 2.172090888476840495e-03
2.322500000000000120e-01 2.588787213109974925e-03
2.380625000000000380e-01 2.995995725662340108e-03
2.439999999999999947e-01 3.372384884329389636e-03
2.500624999999999654e-01 3.537355750782341518e-03
2.562499999999999778e-01 3.794647783922515394e-03
2.625625000000000320e-01 3.990389041824716002e-03
2.690000000000000169e-01 4.128468811632123210e-03
2.755625000000000435e-01 4.220029067288680845e-03
2.822500000000000009e-01 4.282264032011038821e-03
2.890625000000000000e-01 4.337214648252570373e-03
2.960000000000000409e-01 4.411210778129512691e-03
3.030625000000000124e-01 4.535142954233100342e-03
3.102500000000000258e-01 4.730159404450613031e-03
3.175624999999999698e-01 5.001971003914308135e-03
3.249999999999999556e-01 5.357246491744451118e-03
3.325624999999999831e-01 5.590644896729449892e-03
3.402500000000000524e-01 6.123278351386406311e-03
3.480625000000000524e-01 6.765157827819022474e-03
3.559999999999999831e-01 7.526618281185436590e-03
3.640625000000000666e-01 8.416341106467533500e-03
3.722500000000000808e-01 9.439208958712003161e-03
3.805625000000000258e-01 1.059337988510787934e-02
3.890000000000000124e-01 1.186656509811862513e-02
3.975625000000000409e-01 1.323169423510273980e-02
4.062500000000001110e-01 1.417402049502004303e-02
4.150625000000000009e-01 1.557336118359453105e-02
4.239999999999999325e-01 1.698259289775310571e-02
4.330624999999999059e-01 1.839202949904262738e-02
4.422500000000000320e-01 1.979546656708913374e-02
4.515624999999999778e-01 2.119115946381183377e-02
4.609999999999999654e-01 2.258272740843654189e-02
4.705624999999999947e-01 2.398000707758759023e-02
4.802500000000000657e-01 2.467136040674422839e-02
4.900625000000000675e-01 2.611594774034234345e-02
5.000000000000001110e-01 2.764266480070370555e-02
5.100625000000000853e-01 2.928757780842755620e-02
5.202500000000001013e-01 3.106234494965563059e-02
5.305625000000000480e-01 3.297065631383009482e-02
5.409999999999999254e-01 3.501476588694810155e-02
5.515624999999999556e-01 3.622440876463907389e-02
5.622499999999999165e-01 3.850809687237125717e-02
5.730625000000000302e-01 4.092221526693279321e-02
5.839999999999999636e-01 4.345885160581985929e-02
5.950625000000000497e-01 4.610587926314091423e-02
6.062500000000000666e-01 4.884681142873847220e-02
6.175625000000000142e-01 5.167050028520926708e-02
6.290000000000000036e-01 5.328393912574761609e-02
6.405625000000000346e-01 5.623626889666319406e-02
6.522500000000001075e-01 5.926403385179199179e-02
6.640625000000000000e-01 6.236370554583310633e-02
6.759999999999999343e-01 6.553187060696982758e-02
6.880624999999999103e-01 6.876535323454456561e-02
7.002499999999999281e-01 7.047924248322422203e-02
7.125624999999999876e-01 7.382327743770580875e-02
7.249999999999999778e-01 7.723289137919187031e-02
7.375625000000000098e-01 8.070804069011455750e-02
7.502499999999999725e-01 8.424972344856858364e-02
7.630624999999999769e-01 8.786016062357593359e-02
7.760000000000000231e-01 8.968517639321893498e-02
7.890625000000000000e-01 9.344990851828929856e-02
8.022500000000000187e-01 9.730799638172650534e-02
8.155624999999999680e-01 1.012655654761908663e-01
8.290000000000000702e-01 1.053203431792587436e-01
8.425625000000001030e-01 1.094680996916511245e-01
8.562500000000000666e-01 1.115900319798305979e-01
8.700625000000000719e-01 1.159324301647242650e-01
8.840000000000001190e-01 1.203623451804969186e-01
8.980625000000002078e-01 1.248737752143815050e-01
9.122500000000001164e-01 1.294599353773154549e-01
9.265625000000000666e-01 1.317398685188143348e-01
9.409999999999999476e-01 1.364927362476818229e-01
9.555624999999998703e-01 1.413093613068698295e-01
9.702499999999999458e-01 1.461811300589656026e-01
9.850624999999999520e-01 1.510986255816353374e-01
9.999999999999998890e-01 1.560516391330375174e-01
1.015062499999999979e+00 1.584802022470552796e-01
1.030250000000000110e+00 1.635667809253220639e-01
1.045562499999999950e+00 1.686946656223226315e-01
1.061000000000000165e+00 1.738551922282008944e-01
1.076562500000000089e+00 1.762192341734049594e-01
1.092250000000000165e+00 1.815064557004452683e-01
1.108062500000000172e+00 1.868159289485258334e-01
1.124000000000000110e+00 1.921382845076540780e-01
1.140062500000000201e+00 1.974636576007419431e-01
1.156250000000000222e+00 1.998068766142060970e-01
1.172562500000000174e+00 2.052306527898445365e-01
1.189000000000000279e+00 2.106481227376480470e-01
1.205562500000000092e+00 2.160496542505790374e-01
1.222250000000000281e+00 2.214253138908802709e-01
1.239062500000000178e+00 2.237027706941607519e-01
1.256000000000000227e+00 2.291590943690630100e-01
1.273062500000000208e+00 2.345833635555401031e-01
1.290250000000000341e+00 2.399642391199786617e-01
1.307562500000000405e+00 2.420436001266563497e-01
1.325000000000000400e+00 2.474838283712633147e-01
1.342562499999999881e+00 2.528714992364107794e-01
1.360250000000000181e+00 2.581956185039509521e-01
1.378062499999999968e+00 2.600464713376715031e-01
1.395999999999999908e+00 2.654121026196072930e-01
1.414062500000000000e+00 2.707085247198994793e-01
1.432249999999999801e+00 2.759257433009941196e-01
1.450562499999999977e+00 2.775398734704879189e-01
1.469000000000000083e+00 2.827932667839365699e-01
1.487562500000000121e+00 2.879669795633321705e-01
1.506250000000000089e+00 2.930525142604014088e-01
1.525062500000000210e+00 2.944502043897820331e-01
1.544000000000000039e+00 2.995724779913053193e-01
1.563062500000000021e+00 3.045974144751854573e-01
1.582250000000000156e+00 3.095108221807048032e-01
1.601562500000000222e+00 3.106777455153601486e-01
1.621000000000000218e+00 3.155993085942028764e-01
1.640562500000000146e+00 3.203969368669091211e-01
1.660250000000000448e+00 3.250561455627008489e-01
1.680062500000000236e+00 3.259597572547496824e-01
1.700000000000000400e+00 3.306021903475802604e-01
1.720062500000000272e+00 3.350952237323809868e-01
1.740250000000000519e+00 3.394243532725071955e-01
1.760562500000000252e+00 3.400447572631010162e-01
1.781000000000000361e+00 3.443383121253391632e-01
1.801562500000000400e+00 3.484592886987974980e-01
1.822250000000000369e+00 3.523935033456059851e-01
1.843062500000000048e+00 3.527269689491356885e-01
1.863999999999999879e+00 3.566149280159444657e-01
1.885062499999999863e+00 3.603104689388877402e-01
1.906250000000000000e+00 3.602241775800222867e-01
1.927562499999999845e+00 3.638622036966863149e-01
1.948999999999999844e+00 3.673047413662409721e-01
1.970562500000000217e+00 3.705393111563859976e-01
1.992250000000000076e+00 3.701970683825701602e-01
2.014062500000000089e+00 3.733820148847606379e-01
2.036000000000000032e+00 3.763703802668418308e-01
2.058062500000000128e+00 3.756909807025196057e-01
2.080249999999999932e+00 3.786885858514912884e-01
2.102562499999999890e+00 3.815096375575827703e-01
2.125000000000000444e+00 3.805708595167631714e-01
2.147562500000000263e+00 3.833931933142378234e-01
2.170250000000000234e+00 3.860315935772181684e-01
2.193062500000000359e+00 3.884712255399514480e-01
2.216000000000000192e+00 3.874602005528339776e-01
2.239062500000000178e+00 3.898942968394188413e-01
2.262250000000000316e+00 3.921230298136383352e-01
2.285562500000000608e+00 3.908519677001013881e-01
2.309000000000000608e+00 3.930628344629123472e-01
2.332562500000000316e+00 3.950623776685729949e-01
2.356250000000000178e+00 3.935387820330469300e-01
2.380062500000000192e+00 3.955105535994028476e-01
2.403999999999999915e+00 3.972658201874231243e-01
2.428062499999999790e+00 3.954998002026331450e-01
2.452249999999999819e+00 3.972199597688446104e-01
2.476562500000000000e+00 3.987193329426080846e-01
2.500999999999999890e+00 3.967238219971322422e-01
2.525562499999999932e+00 3.981834348995583195e-01
2.550250000000000128e+00 3.994189746852629397e-01
2.575062500000000032e+00 3.972098714030437572e-01
2.600000000000000089e+00 3.984037529930741228e-01
2.625062500000000743e+00 3.993713346059790115e-01
2.650250000000000217e+00 3.969675671876037870e-01
2.675562500000000288e+00 3.978943782616027325e-01
2.701000000000000068e+00 3.985937558069856390e-01
2.726562500000000000e+00 3.960172730617995129e-01
2.752250000000000085e+00 3.966795387846573928e-01
2.778062499999999879e+00 3.971143311353769745e-01
2.804000000000000270e+00 3.943900262961543279e-01
2.830062499999999481e+00 3.947940777749629482e-01
2.856250000000000178e+00 3.949716767379120030e-01
2.882562500000000139e+00 3.921272530412401869e-01
2.909000000000000252e+00 3.922830939941147066e-01
2.935562499999999631e+00 3.922144981493144167e-01
2.962250000000000050e+00 3.892802880366915130e-01
2.989062499999999734e+00 3.892013921954196043e-01
3.016000000000000458e+00 3.889008864485592465e-01
3.043062500000000004e+00 3.859080531031373051e-01
3.070250000000000590e+00 3.856055183587776547e-01
3.097562499999999996e+00 3.850786833170947165e-01
3.125000000000000444e+00 3.820441398293892288e-01
3.152562500000000156e+00 3.815156751490726417e-01
3.180250000000000465e+00 3.782356706840064309e-01
3.208062500000000039e+00 3.776970294817076357e-01
3.236000000000000654e+00 3.769409196040965915e-01
3.264062500000000089e+00 3.736422955274895097e-01
3.292250000000001009e+00 3.728788040298477990e-01
3.320562499999999861e+00 3.718950664089517577e-01
3.349000000000000643e+00 3.685932389900217210e-01
3.377562500000000245e+00 3.676061252915374111e-01
3.406250000000000444e+00 3.641037805762992186e-01
3.435062500000000352e+00 3.631080197501748152e-01
3.463999999999999968e+00 3.618999948445528747e-01
3.493062500000000181e+00 3.584208945513418509e-01
3.522249999999999659e+00 3.572103168104198700e-01
3.551562500000000622e+00 3.535643254942553160e-01
3.580999999999999961e+00 3.523478318683289645e-01
3.610562500000000341e+00 3.509276071738182123e-01
3.640249999999999986e+00 3.473327018875380090e-01
3.670062500000000227e+00 3.459143553685579686e-01
3.699999999999999734e+00 3.442908311078984873e-01
3.730062500000000281e+00 3.407663225358735781e-01
3.760250000000000092e+00 3.391533148252273699e-01
3.790562500000000501e+00 3.355034904965267240e-01
3.821000000000000174e+00 3.338998457376523565e-01
3.851562500000000888e+00 3.301452434639878253e-01
3.882249999999999979e+00 3.285506135155605856e-01
3.913062500000000998e+00 3.267701793838225233e-01
3.944000000000000394e+00 3.231252413049875427e-01
3.975062500000000387e+00 3.213640404305080911e-01
4.006249999999999645e+00 3.176427272163862559e-01
4.037562500000000831e+00 3.159010799566170924e-01
4.068999999999999950e+00 3.139810547689314557e-01
4.100562500000000554e+00 3.103945739022433425e-01
4.132249999999999979e+00 3.084986118334555605e-01
4.164062500000000000e+00 3.048531339950342200e-01
4.195999999999999730e+00 3.029777548347231120e-01
4.228062499999999169e+00 2.992848941826400377e-01
4.260250000000000092e+00 2.974272340424394256e-01
4.292562499999998948e+00 2.954005335225869944e-01
4.325000000000000178e+00 2.918554146074139877e-01
4.357562499999999339e+00 2.898507258730835812e-01
4.390249999999999986e+00 2.862703219488861861e-01
4.423062499999999453e+00 2.842854839258995292e-01
4.456000000000000405e+00 2.806796773403872347e-01
4.489062499999999289e+00 2.787130034543289780e-01
4.522249999999999659e+00 2.765857968806308409e-01
4.555562499999999737e+00 2.731411514574639821e-01
4.589000000000000412e+00 2.710369557341069657e-01
4.622562499999999019e+00 2.675774918359658527e-01
4.656250000000000000e+00 2.654951965340276443e-01
4.690062499999999801e+00 2.620293048301691741e-01
4.724000000000000199e+00 2.599680745816542737e-01
4.758062499999999417e+00 2.565036013567928985e-01
4.792250000000000121e+00 2.544629150454400524e-01
4.826562499999999645e+00 2.510071332218432594e-01
4.861000000000000654e+00 2.489867450950439265e-01
4.895562499999999595e+00 2.468245495317905047e-01
4.930250000000000909e+00 2.435463041417716967e-01
4.965062500000000156e+00 2.414095866016333081e-01
5.000000000000000888e+00 2.381480511145340206e-01
5.035062500000000441e+00 2.360367760698149631e-01
5.070249999999998813e+00 2.327976699498335023e-01
5.105562499999999559e+00 2.307109279663993595e-01
5.141000000000000014e+00 2.274986235771160326e-01
5.176562500000000178e+00 2.254352855900793040e-01
5.212249999999999162e+00 2.222537422487789183e-01
5.248062499999999631e+00 2.202128828678834582e-01
5.283999999999998920e+00 2.170657403906988137e-01
5.320062499999999694e+00 2.150466154581195666e-01
5.356249999999999289e+00 2.119372202281482598e-01
5.392562500000000369e+00 2.099392461380077402e-01
5.428999999999998494e+00 2.068706740583687587e-01
5.465562500000000767e+00 2.048934086365798990e-01
5.502249999999999197e+00 2.018684852819161157e-01
5.539062500000000000e+00 1.999116100869233748e-01
5.575999999999999623e+00 1.969329285922412076e-01
5.613062500000000732e+00 1.949962324864023822e-01
5.650249999999999773e+00 1.920661694102763217e-01
5.687562500000000298e+00 1.901495332927518600e-01
5.724999999999999645e+00 1.881233946547430647e-01
5.762562500000001364e+00 1.853736453756163749e-01
5.800250000000000128e+00 1.825471518612421795e-01
5.838062500000000377e+00 1.806705765221877369e-01
5.875999999999999446e+00 1.778986662725822177e-01
5.914062500000000888e+00 1.760422085954257143e-01
5.952249999999999375e+00 1.733265201404405875e-01
5.990562500000000234e+00 1.714902964978511912e-01
6.028999999999999915e+00 1.688322953761067224e-01
6.067562499999999304e+00 1.670162806547350054e-01
6.106250000000000178e+00 1.644168005450979964e-01
6.145062499999998984e+00 1.626204213347887118e-01
6.184000000000000163e+00 1.600798797681979857e-01
6.223062499999999275e+00 1.583025575140790397e-01
6.262249999999999872e+00 1.558212966524982201e-01
6.301562499999999289e+00 1.540625069670265856e-01
6.341000000000001080e+00 1.516408003365428692e-01
6.380562499999999915e+00 1.499000649582225286e-01
6.420250000000000234e+00 1.475381230611476080e-01
6.460062499999999375e+00 1.458150021939083885e-01
6.500000000000000888e+00 1.435129776856951256e-01
6.540062499999999446e+00 1.418070626638785470e-01
6.580250000000000377e+00 1.395650551430685782e-01
6.620562500000000128e+00 1.378760037146633533e-01
6.661000000000001364e+00 1.356940218679198729e-01
6.701562499999999645e+00 1.334774616303109063e-01
6.742250000000000298e+00 1.318995172134637961e-01
6.783062499999999773e+00 1.297440863425955160e-01
6.824000000000000732e+00 1.281811508875731198e-01
6.865062499999999623e+00 1.260866748072230481e-01
6.906250000000000888e+00 1.245385003978428523e-01
6.947562500000000085e+00 1.225047741191663819e-01
6.989000000000000767e+00 1.209711085407678688e-01
7.030562500000000270e+00 1.189978948936480374e-01
7.072249999999999481e+00 1.174784535869897173e-01
7.114062499999999289e+00 1.155652869606555583e-01
7.155999999999998806e+00 1.136298031026008737e-01
7.198062500000000696e+00 1.122058676446409387e-01
7.240249999999998742e+00 1.103300349284156018e-01
7.282562500000000050e+00 1.089185363649829985e-01
7.324999999999999289e+00 1.071017256764111858e-01
7.367562500000000902e+00 1.057021966191987600e-01
7.410249999999998671e+00 1.039437885810537421e-01
7.453062499999999702e+00 1.021699902088822470e-01
7.495999999999998664e+00 1.008551396032284359e-01
7.539062500000000888e+00 9.913890447770040693e-02
7.582250000000000156e+00 9.783469410410880474e-02
7.625562500000000021e+00 9.617535903566956645e-02
7.668999999999999595e+00 9.488136352914659788e-02
7.712562500000000654e+00 9.327828127154452753e-02
7.756249999999999645e+00 9.166460033511426853e-02
7.800062500000001009e+00 9.044659332379309524e-02
7.843999999999999417e+00 8.888805424702389546e-02
7.888062500000001087e+00 8.767920886103935940e-02
7.932249999999999801e+00 8.617514398924963626e-02
7.976562500000001776e+00 8.466428236979689492e-02
8.021000000000000796e+00 8.352479190334899384e-02
8.065562500000000412e+00 8.206711831819771263e-02
8.110249999999998849e+00 8.093579792357546987e-02
8.155062499999999659e+00 7.953048980618621089e-02
8.200000000000001066e+00 7.812107983223552654e-02
8.245062499999999517e+00 7.705298896485986149e-02
8.290250000000000341e+00 7.569434577616435122e-02
8.335562499999999986e+00 7.463322134967605159e-02
8.381000000000000227e+00 7.332454181866107645e-02
8.426562499999999289e+00 7.201367497063611289e-02
8.472250000000000725e+00 7.101032556960949760e-02
8.518062499999999204e+00 6.974781399813111127e-02
8.564000000000000057e+00 6.875036248553838270e-02
8.610062499999999730e+00 6.753545360984680723e-02
8.656250000000000000e+00 6.631971392413606170e-02
8.702562499999999091e+00 6.537530545756498057e-02
8.749000000000000554e+00 6.420557092060949489e-02
8.795562500000000838e+00 6.326610196432554123e-02
8.842250000000001720e+00 6.214165426807291559e-02
8.889062499999999645e+00 6.101730848060893386e-02
8.936000000000001720e+00 6.012671731863149932e-02
8.983062499999999062e+00 5.904610610540862725e-02
9.030250000000000554e+00 5.796704449193573055e-02
9.077562500000000867e+00 5.712199064004772758e-02
9.125000000000000000e+00 5.608511604669768474e-02
9.172562499999999730e+00 5.524377059175920174e-02
9.220250000000000057e+00 5.424844462475261753e-02
9.268062500000000981e+00 5.325498026128904633e-02
9.315999999999998948e+00 5.245585550669693703e-02
9.364062500000001066e+00 5.150245630985994527e-02
9.412249999999998451e+00 5.055186810732512082e-02
9.460562499999999986e+00 4.979226273292440552e-02
9.508999999999998565e+00 4.888026958634174995e-02
9.557562500000001293e+00 4.797185500285702786e-02
9.606249999999999289e+00 4.724929226784631980e-02
9.655062500000001435e+00 4.637803630092759283e-02
9.703999999999998849e+00 4.551095770031655247e-02
9.753062500000000412e+00 4.482317114533848623e-02
9.802249999999999019e+00 4.399185055267023498e-02
9.851562500000000000e+00 4.316516289302438358e-02
9.900999999999999801e+00 4.251006944372648366e-02
9.950562500000000199e+00 4.171777684136997177e-02
1.000024999999999942e+01 4.093045122916252887e-02
1.005006250000000101e+01 4.030612118185667586e-02
1.009999999999999964e+01 3.955181925152274208e-02
