# Energy [MeV] 	-	 Rate [MeV^-1 s^-1]
1.000000000000000021e-02 2.479403188955275714e+08
1.599000000000000143e-01 2.404701624143676832e+06
3.098000000000000198e-01 9.444825938820546726e+05
4.596999999999999975e-01 5.046243680155536276e+05
6.096000000000000307e-01 3.049272151821291773e+05
7.595000000000000639e-01 1.741696504162536585e+05
9.093999999999999861e-01 1.270160705870087841e+05
1.059300000000000130e+00 9.494157102638385550e+04
1.209200000000000053e+00 7.149381965109860175e+04
1.359099999999999975e+00 5.122380855275584327e+04
1.509000000000000119e+00 4.177837915091713512e+04
1.658900000000000041e+00 3.415489876658865251e+04
1.808799999999999963e+00 2.772085935950679777e+04
1.958700000000000108e+00 2.169501567475262709e+04
2.108600000000000030e+00 1.857444605503783896e+04
2.258499999999999730e+00 1.584649806890018772e+04
2.408399999999999874e+00 1.337227778101356853e+04
2.558300000000000018e+00 1.097084251329056133e+04
2.708199999999999719e+00 9.653524727961235840e+03
2.858099999999999863e+00 8.446269998274425234e+03
3.008000000000000007e+00 7.302363013785979092e+03
3.157899999999999707e+00 6.169278292898865402e+03
3.307799999999999851e+00 5.525331424223301838e+03
3.457699999999999996e+00 4.916308355451677926e+03
3.607599999999999696e+00 4.321964593118639641e+03
3.757499999999999840e+00 3.725028943198436991e+03
3.907399999999999984e+00 3.377858381970714618e+03
4.057299999999999685e+00 3.042010932274464267e+03
4.207200000000000273e+00 2.707207110793313404e+03
4.357099999999999973e+00 2.367309330904039598e+03
4.506999999999999673e+00 2.166541145513397623e+03
4.656900000000000261e+00 1.968981231483727925e+03
4.806799999999999962e+00 1.768840833019145748e+03
4.956699999999999662e+00 1.563790253333347209e+03
5.106600000000000250e+00 1.441398395411714318e+03
5.256499999999999950e+00 1.319345701919268777e+03
5.406399999999999650e+00 1.194133122419729489e+03
5.556300000000000239e+00 1.064785245546888518e+03
5.706199999999999939e+00 9.870407801416118900e+02
5.856099999999999639e+00 9.086765081170249232e+02
6.006000000000000227e+00 8.274673997149920979e+02
6.155899999999999928e+00 7.429233522420014424e+02
6.305799999999999628e+00 6.918841177687305617e+02
6.455700000000000216e+00 6.399834108069627518e+02
6.605599999999999916e+00 5.857517606506129368e+02
6.755499999999999616e+00 5.288703488488911262e+02
6.905400000000000205e+00 4.944453720919759121e+02
7.055299999999999905e+00 4.591812228518299435e+02
7.205199999999999605e+00 4.220785694240151429e+02
7.355100000000000193e+00 3.828786247372670459e+02
7.504999999999999893e+00 3.591301707380200128e+02
7.654900000000000482e+00 3.346509531523931287e+02
7.804800000000000182e+00 3.087452920115969164e+02
7.954699999999999882e+00 2.811781518105617010e+02
8.104599999999999582e+00 2.644791460937879606e+02
8.254500000000000171e+00 2.471742514933467021e+02
8.404400000000000759e+00 2.287698231902211603e+02
8.554299999999999571e+00 2.090452661620999208e+02
8.704200000000000159e+00 1.971092710907636558e+02
8.854100000000000747e+00 1.846829606206598555e+02
9.003999999999999559e+00 1.714104103848169132e+02
9.153900000000000148e+00 1.570849315774201500e+02
9.303800000000000736e+00 1.484314284673856719e+02
9.453699999999999548e+00 1.393860481280602244e+02
9.603600000000000136e+00 1.296886562224739237e+02
9.753500000000000725e+00 1.191479943115077020e+02
9.903399999999999537e+00 1.127958785543837053e+02
1.005330000000000013e+01 1.061324967583939269e+02
1.020320000000000071e+01 9.896548568966025528e+01
1.035309999999999953e+01 9.112033386019176362e+01
1.050300000000000011e+01 8.640622093154826189e+01
1.065290000000000070e+01 8.144552731072907648e+01
1.080279999999999951e+01 7.609454403035016412e+01
1.095270000000000010e+01 7.019604181997391379e+01
1.110260000000000069e+01 6.666337226260851878e+01
1.125249999999999950e+01 6.293547511893579127e+01
1.140240000000000009e+01 5.890401801919204416e+01
1.155230000000000068e+01 5.442883190022499207e+01
1.170219999999999949e+01 5.175843267187603658e+01
1.185210000000000008e+01 4.893335531558494012e+01
1.200200000000000067e+01 4.587127838753252718e+01
1.215189999999999948e+01 4.244830790269412546e+01
1.230180000000000007e+01 4.041391936108747274e+01
1.245170000000000066e+01 3.825679853525414842e+01
1.260159999999999947e+01 3.591393867860260514e+01
1.275150000000000006e+01 3.327657921133468477e+01
1.290140000000000065e+01 3.171579245845277484e+01
1.305129999999999946e+01 3.005743148579928814e+01
1.320120000000000005e+01 2.825295901976916468e+01
1.335110000000000063e+01 2.620741861695643138e+01
1.350099999999999945e+01 2.500233868877262466e+01
1.365090000000000003e+01 2.371951277201527120e+01
1.380080000000000062e+01 2.232132963700610517e+01
1.395069999999999943e+01 2.072524295868575805e+01
1.410060000000000002e+01 1.978941315542750701e+01
1.425050000000000061e+01 1.879148874518931578e+01
1.440039999999999942e+01 1.770216824280046453e+01
1.455030000000000001e+01 1.644993911479305737e+01
1.470020000000000060e+01 1.571936950554869661e+01
1.485010000000000119e+01 1.493908428578873249e+01
1.500000000000000000e+01 1.408614330137728565e+01
