# Energy [MeV] Rate [MeV^-1 s^-1]
1.258925411794167282e+00 nan
2.511886431509580131e+00 nan
5.011872336272721995e+00 nan
9.999999999999998224e+00 nan
1.995262314968879735e+01 nan
3.981071705534973404e+01 nan
7.943282347242814012e+01 nan
1.584893192461114211e+02 nan
3.162277660168379612e+02 nan
6.309573444801930009e+02 nan
1.258925411794167530e+03 nan
2.511886431509579779e+03 nan
5.011872336272719622e+03 nan
1.000000000000000000e+04 nan
1.995262314968878854e+04 nan
3.981071705534969078e+04 nan
7.943282347242804826e+04 nan
1.584893192461110884e+05 nan
3.162277660168372677e+05 nan
6.309573444801929872e+05 nan
1.258925411794166081e+06 nan
2.511886431509577204e+06 nan
5.011872336272714660e+06 nan
9.999999999999979511e+06 nan
1.995262314968874678e+07 nan
3.981071705534969270e+07 nan
7.943282347242805362e+07 nan
1.584893192461110950e+08 nan
3.162277660168379545e+08 nan
6.309573444801917076e+08 nan
1.258925411794166088e+09 nan
2.511886431509572029e+09 nan
5.011872336272714615e+09 nan
1.000000000000000000e+10 nan
1.995262314968874741e+10 nan
3.981071705534969330e+10 nan
7.943282347242788696e+10 nan
1.584893192461110840e+11 nan
3.162277660168379517e+11 nan
6.309573444801916504e+11 nan
1.258925411794166260e+12 nan
2.511886431509571777e+12 nan
5.011872336272714844e+12 nan
1.000000000000000000e+13 nan
1.995262314968874609e+13 nan
3.981071705534969531e+13 nan
7.943282347242789062e+13 nan
1.584893192461110938e+14 nan
3.162277660168366250e+14 nan
6.309573444801917500e+14 nan
1.258925411794166250e+15 nan
2.511886431509572000e+15 nan
5.011872336272715000e+15 nan
9.999999999999960000e+15 nan
1.995262314968882800e+16 nan
3.981071705534985600e+16 nan
7.943282347242854400e+16 nan
1.584893192461111040e+17 nan
3.162277660168379520e+17 nan
6.309573444801943040e+17 nan
1.258925411794171392e+18 nan
2.511886431509592576e+18 nan
5.011872336272714752e+18 nan
1.000000000000000000e+19 nan
1.995262314968882790e+19 nan
3.981071705534985830e+19 nan
7.943282347242854810e+19 nan
1.584893192461110804e+20 nan
3.162277660168379433e+20 nan
6.309573444801943306e+20 nan
1.258925411794171199e+21 nan
2.511886431509592670e+21 nan
5.011872336272714367e+21 nan
1.000000000000000000e+22 nan
1.995262314968882820e+22 nan
3.981071705534985195e+22 nan
7.943282347242854705e+22 nan
1.584893192461110865e+23 nan
3.162277660168379307e+23 nan
6.309573444801942331e+23 nan
1.258925411794171443e+24 nan
2.511886431509592473e+24 nan
5.011872336272714736e+24 nan
1.000000000000000091e+25 nan
1.995262314968883072e+25 nan
3.981071705534985450e+25 nan
7.943282347242853765e+25 nan
1.584893192461110870e+26 nan
3.162277660168379640e+26 nan
6.309573444801942299e+26 nan
1.258925411794171355e+27 nan
2.511886431509592211e+27 nan
5.011872336272714959e+27 nan
9.999999999999999583e+27 nan
1.995262314968882721e+28 nan
3.981071705534985917e+28 nan
7.943282347242788798e+28 nan
1.584893192461110928e+29 nan
3.162277660168379475e+29 nan
6.309573444801942915e+29 nan
1.258925411794171339e+30 nan
