# Energy [MeV] 	-	 Rate [MeV^-1 s^-1]
5.000000000000000278e-02 5.319019172070317349e-28
5.099599999999999966e-02 2.298178332287929037e-30
5.398400000000000420e-02 5.762885200286552118e-31
5.896400000000000252e-02 2.835810051377273677e-20
6.593599999999999461e-02 4.488570178579062853e-09
7.490000000000000824e-02 5.776299070726799383e-08
8.585600000000000176e-02 1.252140866770247582e-09
9.880400000000000293e-02 1.659056965224430680e-06
1.137439999999999979e-01 5.249559292043771974e-04
1.306759999999999866e-01 2.698783371186255949e-03
1.496000000000000107e-01 9.853672132258569066e-04
1.705160000000000009e-01 1.178104930152914023e-03
1.934239999999999848e-01 5.958489054244494286e-03
2.183240000000000181e-01 2.740084538964428218e-02
2.452159999999999895e-01 6.022590392560542294e-02
2.740999999999999548e-01 7.738376902151763992e-02
3.049759999999999693e-01 8.481058539860261702e-02
3.378440000000000332e-01 1.149125663077726484e-01
3.727039999999999242e-01 1.840842524638655608e-01
4.095559999999999756e-01 2.950412289113314435e-01
4.484000000000000208e-01 4.156888470460056162e-01
4.892359999999998932e-01 5.361055062974667829e-01
5.320639999999999814e-01 6.829973669272078052e-01
5.768840000000000634e-01 8.754712994089923761e-01
6.236960000000000282e-01 1.104115988641968471e+00
6.724999999999999867e-01 1.352798090191860148e+00
7.232960000000000500e-01 1.304074433484239126e+00
7.760839999999999961e-01 1.572008560575149927e+00
8.308640000000000470e-01 1.870443593936481408e+00
8.876359999999998696e-01 2.202726899758054024e+00
9.463999999999999080e-01 2.564214715395769062e+00
1.007155999999999940e+00 2.946803438859253443e+00
1.069903999999999966e+00 3.342083405926745243e+00
1.134643999999999986e+00 3.741204410028786675e+00
1.201376000000000221e+00 4.130276206712645504e+00
1.270100000000000229e+00 4.489701817214730717e+00
1.340815999999999786e+00 4.296823521367699961e+00
1.413523999999999781e+00 4.714129159776703659e+00
1.488223999999999991e+00 5.123390346579787646e+00
1.564915999999999974e+00 5.517363187956633830e+00
1.643600000000000172e+00 5.883832880108826657e+00
1.724276000000000142e+00 6.206352767446089658e+00
1.806943999999999662e+00 6.466310290671433592e+00
1.891603999999999619e+00 6.635999255651501727e+00
1.978255999999999792e+00 6.324975572192007789e+00
2.066899999999999959e+00 6.597763168763457031e+00
2.157535999999999898e+00 6.833660682231180949e+00
2.250163999999999831e+00 7.021611941161745918e+00
2.344783999999999757e+00 7.145831763800090997e+00
2.441395999999999233e+00 7.187176765775538989e+00
2.539999999999999591e+00 6.714677628099218865e+00
2.640595999999999499e+00 6.857652612844693074e+00
2.743183999999999845e+00 6.953197758881753288e+00
2.847763999999999740e+00 6.992074539297317592e+00
2.954335999999999629e+00 6.963748331313664330e+00
3.062899999999999956e+00 6.847638691178976167e+00
3.173455999999999833e+00 6.404725452971387512e+00
3.286004000000000147e+00 6.416274644184902343e+00
3.400543999999999123e+00 6.380557217394237313e+00
3.517075999999998981e+00 6.287309801928198993e+00
3.635599999999999277e+00 6.123092096150697827e+00
3.756115999999999122e+00 5.667750996428545740e+00
3.878623999999999850e+00 5.612967774638438101e+00
4.003123999999999683e+00 5.518672738988456672e+00
4.129615999999999509e+00 5.376479016200208072e+00
4.258099999999999774e+00 5.173358510571153701e+00
4.388575999999999588e+00 4.803840985451210521e+00
4.521043999999999841e+00 4.708561874102446865e+00
4.655504000000000531e+00 4.577854403731701716e+00
4.791955999999999882e+00 4.403287382315154375e+00
4.930400000000000560e+00 4.026526219744427593e+00
5.070835999999999011e+00 3.930796135427496729e+00
5.213263999999998788e+00 3.808436161403355058e+00
5.357683999999999003e+00 3.652980055083269839e+00
5.504095999999998767e+00 3.318288452213310258e+00
5.652499999999998970e+00 3.225202092410910382e+00
5.802895999999999610e+00 3.110942218573085505e+00
5.955283999999998912e+00 2.970194813983044746e+00
6.109663999999999540e+00 2.695645927502694050e+00
6.266036000000000605e+00 2.607557666596812762e+00
6.424400000000000333e+00 2.501992234504628598e+00
6.584756000000000498e+00 2.373787860739001054e+00
6.747104000000000212e+00 2.163166805395769554e+00
6.911443999999999477e+00 2.080880707637704941e+00
7.077775999999998291e+00 1.983253399041082332e+00
7.246099999999998431e+00 1.864812344094197716e+00
7.416415999999998121e+00 1.715618406116018679e+00
7.588723999999999137e+00 1.639158634272293247e+00
7.763023999999998814e+00 1.548587281506712765e+00
7.939315999999998930e+00 1.405501320798772769e+00
8.117600000000001259e+00 1.344333850822281740e+00
8.297876000000000474e+00 1.272799922081720547e+00
8.480144000000001014e+00 1.186469962534836720e+00
8.664404000000001105e+00 1.096244989309370199e+00
8.850656000000000745e+00 1.038823676156829467e+00
9.038899999999999935e+00 9.704786913518200775e-01
9.229136000000000450e+00 8.897763098213165023e-01
9.421363999999998740e+00 8.430186219206389220e-01
9.615583999999998355e+00 7.878422525701633816e-01
9.811795999999999296e+00 7.194728903144215204e-01
1.000999999999999979e+01 6.810399916124939557e-01
