# Energy [MeV] 	-	 Rate [MeV^-1 s^-1]
1.000000000000000056e-01 5.641124181322832406e+07
4.000000000000000222e-01 4.387022172013437375e+06
6.999999999999999556e-01 1.649789679527161643e+06
9.999999999999998890e-01 7.327026486960907932e+05
1.300000000000000044e+00 4.247829643702371977e+05
1.600000000000000089e+00 2.535452615167626063e+05
1.899999999999999911e+00 1.700648190814652771e+05
2.200000000000000178e+00 1.152343890009569732e+05
2.500000000000000000e+00 8.333437686146932538e+04
2.799999999999999822e+00 6.061420501147096365e+04
3.100000000000000089e+00 4.592186203874876810e+04
3.399999999999999911e+00 3.495238668565877015e+04
3.699999999999999734e+00 2.733655238439931054e+04
4.000000000000000000e+00 2.147441204641824879e+04
4.299999999999999822e+00 1.719027999282906967e+04
4.599999999999999645e+00 1.382210008239075796e+04
4.899999999999999467e+00 1.126297528314795272e+04
5.199999999999999289e+00 9.219651262480798323e+03
5.499999999999999112e+00 7.618968389433278389e+03
5.799999999999999822e+00 6.325834290496768517e+03
6.099999999999999645e+00 5.287519311427038701e+03
6.399999999999999467e+00 4.440980380440955742e+03
6.699999999999999289e+00 3.747273944465093791e+03
6.999999999999999112e+00 3.177531674041569659e+03
7.299999999999998934e+00 2.702598500277047606e+03
7.599999999999999645e+00 2.310193569130753986e+03
7.899999999999999467e+00 1.978288454779236190e+03
8.199999999999999289e+00 1.702693065450776658e+03
8.500000000000000000e+00 1.466642072543275162e+03
8.799999999999998934e+00 1.269818563179236435e+03
9.099999999999999645e+00 1.099381816514557613e+03
9.399999999999998579e+00 9.567629444435445976e+02
9.699999999999999289e+00 8.320701839117383543e+02
1.000000000000000000e+01 7.274102180262514139e+02
1.029999999999999893e+01 6.351219145630587946e+02
1.059999999999999964e+01 5.574552270986434905e+02
1.089999999999999858e+01 4.884465965891624251e+02
1.119999999999999929e+01 4.302370447700617433e+02
1.150000000000000000e+01 3.781622902604487990e+02
1.179999999999999893e+01 3.341475004747803155e+02
1.209999999999999964e+01 2.945281880140863677e+02
1.239999999999999858e+01 2.609810621844931120e+02
1.269999999999999929e+01 2.306149084197684260e+02
1.300000000000000000e+01 2.048619909718885879e+02
1.329999999999999893e+01 1.814320651533151079e+02
1.359999999999999964e+01 1.615336378023435771e+02
1.389999999999999858e+01 1.433456676733963207e+02
1.419999999999999929e+01 1.278797556937830961e+02
1.449999999999999822e+01 1.136827810768611613e+02
1.479999999999999893e+01 1.015971240375992437e+02
1.509999999999999964e+01 9.045935206422164754e+01
1.539999999999999858e+01 8.096858034443776830e+01
1.569999999999999929e+01 7.219035566895055922e+01
1.599999999999999822e+01 6.470368631525334990e+01
1.630000000000000071e+01 5.775577969618753116e+01
1.660000000000000142e+01 5.182559544303131815e+01
1.690000000000000213e+01 4.630496424186279825e+01
1.719999999999999929e+01 4.158986673027726511e+01
1.750000000000000000e+01 3.718765239080842377e+01
1.780000000000000071e+01 3.342565606522539667e+01
1.810000000000000142e+01 2.990378666792348028e+01
1.840000000000000213e+01 2.689270784446124551e+01
1.869999999999999929e+01 2.406671316925400816e+01
1.900000000000000000e+01 2.164969986370370592e+01
1.930000000000000071e+01 1.937590913232704892e+01
1.960000000000000142e+01 1.743067668457420893e+01
1.990000000000000213e+01 1.559668539778340701e+01
2.019999999999999929e+01 1.402746798598388445e+01
2.050000000000000000e+01 1.254495117395690507e+01
2.080000000000000071e+01 1.127643293502271327e+01
2.110000000000000142e+01 1.007570940365240020e+01
2.140000000000000213e+01 9.048425596621122224e+00
2.169999999999999929e+01 8.074318344720426310e+00
2.200000000000000000e+01 7.241148424012659568e+00
2.230000000000000071e+01 6.449814659148395357e+00
2.260000000000000142e+01 5.773292137746894426e+00
2.290000000000000213e+01 5.129779871566933380e+00
2.319999999999999929e+01 4.580020180623735726e+00
2.350000000000000000e+01 4.056383353025177385e+00
2.380000000000000071e+01 3.609483194122248939e+00
2.410000000000000142e+01 3.183319913299181625e+00
2.440000000000000213e+01 2.820120185355043052e+00
2.469999999999999929e+01 2.473448097228395426e+00
2.500000000000000000e+01 2.178558454035203873e+00
2.530000000000000071e+01 1.896894445486125846e+00
2.560000000000000142e+01 1.657936425075326570e+00
2.590000000000000213e+01 1.429631120693179769e+00
2.619999999999999929e+01 1.236651090466041936e+00
2.650000000000000000e+01 1.052322713780310615e+00
2.680000000000000071e+01 8.973286259942073739e-01
2.710000000000000142e+01 7.494555477575713942e-01
2.740000000000000213e+01 6.260724615378490121e-01
2.769999999999999929e+01 5.086773717187804689e-01
2.800000000000000000e+01 4.118965212556549016e-01
2.830000000000000071e+01 3.203225788888248715e-01
2.860000000000000142e+01 2.463562483737326558e-01
2.889999999999999858e+01 1.772197571461865129e-01
2.919999999999999929e+01 1.235148441120193369e-01
2.950000000000000000e+01 7.480740708101728254e-02
2.980000000000000071e+01 4.044211329379632930e-02
3.010000000000000142e+01 1.240538918042146874e-02
