# Energy [MeV] 	-	 Rate [MeV^-1 s^-1]
1.000000000000000056e-01 2.347639495553411543e+07
4.000000000000000222e-01 1.971663128500626888e+06
6.999999999999999556e-01 7.455469707739775768e+05
9.999999999999998890e-01 3.366558816016922356e+05
1.300000000000000044e+00 1.959385107955615385e+05
1.600000000000000089e+00 1.178450974897666019e+05
1.899999999999999911e+00 7.926905080147679837e+04
2.200000000000000178e+00 5.395374863578605436e+04
2.500000000000000000e+00 3.910319985343502776e+04
2.799999999999999822e+00 2.852828758776537506e+04
3.100000000000000089e+00 2.165109105571996406e+04
3.399999999999999911e+00 1.651561597899264234e+04
3.699999999999999734e+00 1.293560575952273939e+04
4.000000000000000000e+00 1.017889794111317678e+04
4.299999999999999822e+00 8.158092628064664495e+03
4.599999999999999645e+00 6.568522624743534834e+03
4.899999999999999467e+00 5.357934455466039253e+03
5.199999999999999289e+00 4.390776704815033554e+03
5.499999999999999112e+00 3.631735124944240397e+03
5.799999999999999822e+00 3.018146203943844284e+03
6.099999999999999645e+00 2.524745960775720505e+03
6.399999999999999467e+00 2.122213624645950858e+03
6.699999999999999289e+00 1.791965330651198201e+03
6.999999999999999112e+00 1.520551919866143635e+03
7.299999999999998934e+00 1.294088308111526885e+03
7.599999999999999645e+00 1.106852373592925005e+03
7.899999999999999467e+00 9.483617178190523873e+02
8.199999999999999289e+00 8.166728832873110377e+02
8.500000000000000000e+00 7.038091235647945041e+02
8.799999999999998934e+00 6.096397152380682201e+02
9.099999999999999645e+00 5.280536987259927173e+02
9.399999999999998579e+00 4.597397284061141818e+02
9.699999999999999289e+00 3.999880602919330386e+02
1.000000000000000000e+01 3.498041444223074450e+02
1.029999999999999893e+01 3.055381366037245243e+02
1.059999999999999964e+01 2.682622259973761061e+02
1.089999999999999858e+01 2.351334392259848016e+02
1.119999999999999929e+01 2.071719425364430265e+02
1.150000000000000000e+01 1.821526329114636837e+02
1.179999999999999893e+01 1.609931662108601245e+02
1.209999999999999964e+01 1.419441825756950379e+02
1.239999999999999858e+01 1.258053581349280705e+02
1.269999999999999929e+01 1.111955352686871379e+02
1.300000000000000000e+01 9.879824468314984642e+01
1.329999999999999893e+01 8.751868671784899334e+01
1.359999999999999964e+01 7.793399075332962411e+01
1.389999999999999858e+01 6.917308657187048482e+01
1.419999999999999929e+01 6.171939121406296636e+01
1.449999999999999822e+01 5.487739151695536322e+01
1.479999999999999893e+01 4.904990034463736492e+01
1.509999999999999964e+01 4.367972652328725758e+01
1.539999999999999858e+01 3.910138632031787864e+01
1.569999999999999929e+01 3.486709527472450532e+01
1.599999999999999822e+01 3.125406802839901488e+01
1.630000000000000071e+01 2.790137340836514568e+01
1.660000000000000142e+01 2.503845834115668723e+01
1.690000000000000213e+01 2.237357970303092003e+01
1.719999999999999929e+01 2.009653839358415794e+01
1.750000000000000000e+01 1.797088840344484950e+01
1.780000000000000071e+01 1.615361064756957177e+01
1.810000000000000142e+01 1.445259107753271977e+01
1.840000000000000213e+01 1.299769841290402539e+01
1.869999999999999929e+01 1.163246501972307811e+01
1.900000000000000000e+01 1.046437236941216220e+01
1.930000000000000071e+01 9.365695739578200119e+00
1.960000000000000142e+01 8.425446405426558982e+00
1.990000000000000213e+01 7.539137423314067554e+00
2.019999999999999929e+01 6.780538689721669954e+00
2.050000000000000000e+01 6.063997785811694463e+00
2.080000000000000071e+01 5.450705198622321390e+00
2.110000000000000142e+01 4.870310783463177806e+00
2.140000000000000213e+01 4.373617380242937003e+00
2.169999999999999929e+01 3.902735878248525303e+00
2.200000000000000000e+01 3.499885371250265553e+00
2.230000000000000071e+01 3.117346532208848942e+00
2.260000000000000142e+01 2.790238664319897754e+00
2.290000000000000213e+01 2.479159716067976582e+00
2.319999999999999929e+01 2.213352513695348023e+00
2.350000000000000000e+01 1.960230654611472279e+00
2.380000000000000071e+01 1.744169321104340531e+00
2.410000000000000142e+01 1.538177576948789760e+00
2.440000000000000213e+01 1.362598248393086520e+00
2.469999999999999929e+01 1.195043476166137708e+00
2.500000000000000000e+01 1.052502872084148056e+00
2.530000000000000071e+01 9.163820715551935780e-01
2.560000000000000142e+01 8.008923741860169976e-01
2.590000000000000213e+01 6.905716568741188111e-01
2.619999999999999929e+01 5.973171845261858737e-01
2.650000000000000000e+01 5.082586075647594903e-01
2.680000000000000071e+01 4.333721586000437442e-01
2.710000000000000142e+01 3.619370172778820782e-01
2.740000000000000213e+01 3.023334740990094582e-01
2.769999999999999929e+01 2.456297797396485849e-01
2.800000000000000000e+01 1.988848441960211766e-01
2.830000000000000071e+01 1.546639206490531826e-01
2.860000000000000142e+01 1.189438884361487259e-01
2.889999999999999858e+01 8.556234267204257393e-02
2.919999999999999929e+01 5.963057328465679041e-02
2.950000000000000000e+01 3.611551436231177220e-02
2.980000000000000071e+01 1.952376712986361729e-02
3.010000000000000142e+01 5.989265274521100857e-03
