# Energy [MeV] 	-	 Rate [MeV^-1 s^-1]
5.000000000000000278e-02 6.057172994467751231e-28
5.099599999999999966e-02 2.616128532106628702e-30
5.398400000000000420e-02 6.553157464611015630e-31
5.896400000000000252e-02 3.219480708300805303e-20
6.593599999999999461e-02 5.085822716354099954e-09
7.490000000000000824e-02 6.530957532165317880e-08
8.585600000000000176e-02 1.412713035564196890e-09
9.880400000000000293e-02 1.868045397600437708e-06
1.137439999999999979e-01 7.413234290249519614e-04
1.306759999999999866e-01 3.795216097817735376e-03
1.496000000000000107e-01 1.380559789474582015e-03
1.705160000000000009e-01 1.645300868575787397e-03
1.934239999999999848e-01 8.298814926035289960e-03
2.183240000000000181e-01 3.807754834176977493e-02
2.452159999999999895e-01 8.354281184221858114e-02
2.740999999999999548e-01 1.071964580097357622e-01
3.049759999999999693e-01 1.173703641332766168e-01
3.378440000000000332e-01 1.589341644870682912e-01
3.727039999999999242e-01 2.545445873039455242e-01
4.095559999999999756e-01 4.080176651098764151e-01
4.484000000000000208e-01 5.751274968783475217e-01
4.892359999999998932e-01 7.423343061239650043e-01
5.320639999999999814e-01 9.468595549241666243e-01
5.768840000000000634e-01 1.215492018612740033e+00
6.236960000000000282e-01 1.536156120653730195e+00
6.724999999999999867e-01 1.887249444433340972e+00
7.232960000000000500e-01 1.907839357157353311e+00
7.760839999999999961e-01 2.298812890287356581e+00
8.308640000000000470e-01 2.734673776773115517e+00
8.876359999999998696e-01 3.220633359823713793e+00
9.463999999999999080e-01 3.750345556291569071e+00
1.007155999999999940e+00 4.312568317959525110e+00
1.069903999999999966e+00 4.895821871205733089e+00
1.134643999999999986e+00 5.488277281559394538e+00
1.201376000000000221e+00 6.070067921915330622e+00
1.270100000000000229e+00 6.616656989498934216e+00
1.340815999999999786e+00 6.469282494842234499e+00
1.413523999999999781e+00 7.096771946532069109e+00
1.488223999999999991e+00 7.713892642860900040e+00
1.564915999999999974e+00 8.310561061475146616e+00
1.643600000000000172e+00 8.869470893317700444e+00
1.724276000000000142e+00 9.367308448571781909e+00
1.806943999999999662e+00 9.776048239101873705e+00
1.891603999999999619e+00 1.006058061077128229e+01
1.978255999999999792e+00 9.701806999757506489e+00
2.066899999999999959e+00 1.012084867956131973e+01
2.157535999999999898e+00 1.048645366932756140e+01
2.250163999999999831e+00 1.078281424397019173e+01
2.344783999999999757e+00 1.098728935369324589e+01
2.441395999999999233e+00 1.107028120558612727e+01
2.539999999999999591e+00 1.043824534417452199e+01
2.640595999999999499e+00 1.066027450817937705e+01
2.743183999999999845e+00 1.081172265971907720e+01
2.847763999999999740e+00 1.087926535917485893e+01
2.954335999999999629e+00 1.084554962856541138e+01
3.062899999999999956e+00 1.068541143889738088e+01
3.173455999999999833e+00 1.005763649806335280e+01
3.286004000000000147e+00 1.007655822009202495e+01
3.400543999999999123e+00 1.002463228562550057e+01
3.517075999999998981e+00 9.886813380334388057e+00
3.635599999999999277e+00 9.641269570489894747e+00
3.756115999999999122e+00 8.972586835823753049e+00
3.878623999999999850e+00 8.886203825704674486e+00
4.003123999999999683e+00 8.740221304406706082e+00
4.129615999999999509e+00 8.522268755739908386e+00
4.258099999999999774e+00 8.211085950933153299e+00
4.388575999999999588e+00 7.655348455706967314e+00
4.521043999999999841e+00 7.504392384490083501e+00
4.655504000000000531e+00 7.299720379399193604e+00
4.791955999999999882e+00 7.027073667130401269e+00
4.930400000000000560e+00 6.452693089359660128e+00
5.070835999999999011e+00 6.299178646578948104e+00
5.213263999999998788e+00 6.105084789924963395e+00
5.357683999999999003e+00 5.859260566845493123e+00
5.504095999999998767e+00 5.343229677403265931e+00
5.652499999999998970e+00 5.192980958581214779e+00
5.802895999999999610e+00 5.010325249252491453e+00
5.955283999999998912e+00 4.786033797506450860e+00
6.109663999999999540e+00 4.358523906398986902e+00
6.266036000000000605e+00 4.215845733220635161e+00
6.424400000000000333e+00 4.046325153113791373e+00
6.584756000000000498e+00 3.841094231428550110e+00
6.747104000000000212e+00 3.510094257520146588e+00
6.911443999999999477e+00 3.376599666535115674e+00
7.077775999999998291e+00 3.219450169982857268e+00
7.246099999999998431e+00 3.029413096111920112e+00
7.416415999999998121e+00 2.792681770618716364e+00
7.588723999999999137e+00 2.668604819600815858e+00
7.763023999999998814e+00 2.522065091927417679e+00
7.939315999999998930e+00 2.294498628251293137e+00
8.117600000000001259e+00 2.194602755475830502e+00
8.297876000000000474e+00 2.078610013342494067e+00
8.480144000000001014e+00 1.939086324528098038e+00
8.664404000000001105e+00 1.794109370400970738e+00
8.850656000000000745e+00 1.700524093986707896e+00
9.038899999999999935e+00 1.589483550940479439e+00
9.229136000000000450e+00 1.459545168232292411e+00
9.421363999999998740e+00 1.383039105623261378e+00
9.615583999999998355e+00 1.293031724761734891e+00
9.811795999999999296e+00 1.182638792827207963e+00
1.000999999999999979e+01 1.119568688857981664e+00
