# Energy [MeV] 	-	 Rate [MeV^-1 s^-1]
1.000000000000000021e-02 2.936092012829258442e+08
1.599000000000000143e-01 2.847630939307124354e+06
3.098000000000000198e-01 1.118449719072043663e+06
4.596999999999999975e-01 5.975726670875892742e+05
6.096000000000000307e-01 3.610926875381491263e+05
7.595000000000000639e-01 2.062504887234170455e+05
9.093999999999999861e-01 1.504115474291259015e+05
1.059300000000000130e+00 1.124291481182955467e+05
1.209200000000000053e+00 8.466248401200745138e+04
1.359099999999999975e+00 6.065887784141045995e+04
1.509000000000000119e+00 4.947366603398052393e+04
1.658900000000000041e+00 4.044599358195852255e+04
1.808799999999999963e+00 3.282684886297415505e+04
1.958700000000000108e+00 2.569108667948695438e+04
2.108600000000000030e+00 2.199572983847943033e+04
2.258499999999999730e+00 1.876531280538385545e+04
2.408399999999999874e+00 1.583535834795451228e+04
2.558300000000000018e+00 1.299159540520425799e+04
2.708199999999999719e+00 1.143163684538120287e+04
2.858099999999999863e+00 1.000201419059328509e+04
3.008000000000000007e+00 8.647407495104063855e+03
3.157899999999999707e+00 7.305616448905829202e+03
3.307799999999999851e+00 6.543059045484315902e+03
3.457699999999999996e+00 5.821858163024125133e+03
3.607599999999999696e+00 5.118040413158213596e+03
3.757499999999999840e+00 4.411153368037388645e+03
3.907399999999999984e+00 4.000036403902301117e+03
4.057299999999999685e+00 3.602328189693806962e+03
4.207200000000000273e+00 3.205855832759506029e+03
4.357099999999999973e+00 2.803351245705328893e+03
4.506999999999999673e+00 2.565602956850340888e+03
4.656900000000000261e+00 2.331653880628428396e+03
4.806799999999999962e+00 2.094649012685218622e+03
4.956699999999999662e+00 1.851829542288730181e+03
5.106600000000000250e+00 1.706893955337881607e+03
5.256499999999999950e+00 1.562360004545285165e+03
5.406399999999999650e+00 1.414084138719178554e+03
5.556300000000000239e+00 1.260911282503411940e+03
5.706199999999999939e+00 1.168846827260743112e+03
5.856099999999999639e+00 1.076048401330059733e+03
6.006000000000000227e+00 9.798811399462173313e+02
6.155899999999999928e+00 8.797646669080812671e+02
6.305799999999999628e+00 8.193243604079342504e+02
6.455700000000000216e+00 7.578639041782066670e+02
6.605599999999999916e+00 6.936431612284883386e+02
6.755499999999999616e+00 6.262845889666455150e+02
6.905400000000000205e+00 5.855187709068576396e+02
7.055299999999999905e+00 5.437592106286274429e+02
7.205199999999999605e+00 4.998225064776255522e+02
7.355100000000000193e+00 4.534022046038506346e+02
7.504999999999999893e+00 4.252794505415665185e+02
7.654900000000000482e+00 3.962913313225404863e+02
7.804800000000000182e+00 3.656140275659844292e+02
7.954699999999999882e+00 3.329692118614021297e+02
8.104599999999999582e+00 3.131943654283484193e+02
8.254500000000000171e+00 2.927020295930397538e+02
8.404400000000000759e+00 2.709076335939501519e+02
8.554299999999999571e+00 2.475499503398348509e+02
8.704200000000000159e+00 2.334154279877501494e+02
8.854100000000000747e+00 2.187002775504455485e+02
9.003999999999999559e+00 2.029830158679050953e+02
9.153900000000000148e+00 1.860188834937451929e+02
9.303800000000000736e+00 1.757714652934529624e+02
9.453699999999999548e+00 1.650599888036254299e+02
9.603600000000000136e+00 1.535764047515842208e+02
9.753500000000000725e+00 1.410942262238706064e+02
9.903399999999999537e+00 1.335720949214116331e+02
1.005330000000000013e+01 1.256813645404927087e+02
1.020320000000000071e+01 1.171942398773858116e+02
1.035309999999999953e+01 1.079040656416891579e+02
1.050300000000000011e+01 1.023216458968807956e+02
1.065290000000000070e+01 9.644722701129450115e+01
1.080279999999999951e+01 9.011062982521033859e+01
1.095270000000000010e+01 8.312566453005855749e+01
1.110260000000000069e+01 7.894230180892051862e+01
1.125249999999999950e+01 7.452775193782933627e+01
1.140240000000000009e+01 6.975372847792979769e+01
1.155230000000000068e+01 6.445424419947349293e+01
1.170219999999999949e+01 6.129197600511643174e+01
1.185210000000000008e+01 5.794653904739180916e+01
1.200200000000000067e+01 5.432044884505113203e+01
1.215189999999999948e+01 5.026699100267448728e+01
1.230180000000000007e+01 4.785788224028729587e+01
1.245170000000000066e+01 4.530343476048643936e+01
1.260159999999999947e+01 4.252903641215197439e+01
1.275150000000000006e+01 3.940589367308515278e+01
1.290140000000000065e+01 3.755762085514260917e+01
1.305129999999999946e+01 3.559380132474698399e+01
1.320120000000000005e+01 3.345695758005775389e+01
1.335110000000000063e+01 3.103464286118830273e+01
1.350099999999999945e+01 2.960759559121514783e+01
1.365090000000000003e+01 2.808848206227408184e+01
1.380080000000000062e+01 2.643276331775514976e+01
1.395069999999999943e+01 2.454268857360921174e+01
1.410060000000000002e+01 2.343448542901629850e+01
1.425050000000000061e+01 2.225275028268764999e+01
1.440039999999999942e+01 2.096278451966743717e+01
1.455030000000000001e+01 1.947990349517232644e+01
1.470020000000000060e+01 1.861476804480540537e+01
1.485010000000000119e+01 1.769075971422347138e+01
1.500000000000000000e+01 1.668071293244117470e+01
