# Energy [MeV] 	-	 Rate [MeV^-1 s^-1]
1.000000000000000056e-01 9.216896224999149550e-06
2.489999999999999991e-01 2.037360924963154130e-01
3.980000000000000204e-01 8.214346779997998560e-01
5.469999999999999307e-01 2.370502475741315340e+00
6.959999999999999520e-01 4.734242774239132423e+00
8.449999999999999734e-01 6.561544607740612101e+00
9.939999999999998836e-01 9.638288891025156957e+00
1.143000000000000016e+00 1.279580092389523749e+01
1.292000000000000037e+00 1.558458361213355658e+01
1.441000000000000059e+00 1.685377392996007728e+01
1.590000000000000080e+00 1.954039099281407843e+01
1.739000000000000101e+00 2.173209487912531657e+01
1.887999999999999901e+00 2.311987973853770129e+01
2.036999999999999922e+00 2.296935859941801894e+01
2.185999999999999943e+00 2.435017631068464894e+01
2.334999999999999964e+00 2.523525482209885951e+01
2.483999999999999986e+00 2.543584223186249460e+01
2.633000000000000007e+00 2.448680245798356836e+01
2.782000000000000028e+00 2.495054448446402162e+01
2.931000000000000050e+00 2.498504794557681308e+01
3.080000000000000071e+00 2.448844497508526530e+01
3.229000000000000092e+00 2.317377562729923568e+01
3.378000000000000114e+00 2.309532121783938763e+01
3.527000000000000135e+00 2.270347276956794857e+01
3.675999999999999712e+00 2.191689044233067207e+01
3.824999999999999734e+00 2.054137741447184595e+01
3.973999999999999755e+00 2.019496020180993412e+01
4.122999999999999332e+00 1.963287376457709144e+01
4.271999999999999353e+00 1.879380537953228014e+01
4.420999999999999375e+00 1.753278943409077328e+01
4.569999999999999396e+00 1.710441313540592390e+01
4.718999999999999417e+00 1.651924771430993388e+01
4.867999999999999439e+00 1.573193745054297743e+01
5.016999999999999460e+00 1.463349818794635659e+01
5.165999999999999481e+00 1.420144056217155537e+01
5.314999999999999503e+00 1.365761595704347720e+01
5.463999999999999524e+00 1.296719839801128416e+01
5.612999999999999545e+00 1.204253039401921832e+01
5.761999999999999567e+00 1.164633023178391902e+01
5.910999999999999588e+00 1.116916928715455271e+01
6.059999999999999609e+00 1.058517998066458254e+01
6.208999999999999631e+00 9.822457097907546952e+00
6.357999999999999652e+00 9.478432780073282160e+00
6.506999999999999673e+00 9.075105237616091003e+00
6.655999999999999694e+00 8.592451083648409593e+00
6.804999999999999716e+00 7.970308500708954469e+00
6.953999999999999737e+00 7.679469738882050756e+00
7.102999999999999758e+00 7.344778691864085829e+00
7.251999999999998892e+00 6.950957927532529723e+00
7.400999999999998913e+00 6.447133548173950679e+00
7.549999999999998934e+00 6.205805019899067965e+00
7.698999999999998956e+00 5.931583636960048089e+00
7.847999999999998977e+00 5.612800066267440435e+00
7.996999999999998998e+00 5.206340597514416579e+00
8.145999999999999019e+00 5.008372736493559074e+00
8.294999999999999929e+00 4.785613430247031452e+00
8.443999999999999062e+00 4.529035856443440089e+00
8.592999999999999972e+00 4.201879930945753294e+00
8.741999999999999105e+00 4.040597207691577708e+00
8.891000000000000014e+00 3.860392715934042318e+00
9.039999999999999147e+00 3.654335413383951625e+00
9.189000000000000057e+00 3.391125748773509585e+00
9.337999999999999190e+00 3.260336545271352193e+00
9.487000000000000099e+00 3.115089893337898097e+00
9.635999999999999233e+00 2.950029585991665648e+00
9.784999999999998366e+00 2.738474599141109689e+00
9.933999999999999275e+00 2.632986896001349386e+00
1.008299999999999841e+01 2.516410853870350905e+00
1.023199999999999932e+01 2.384539155721703718e+00
1.038099999999999845e+01 2.214550360454413447e+00
1.052999999999999936e+01 2.129678023312290502e+00
1.067899999999999849e+01 2.036077707593247244e+00
1.082799999999999940e+01 1.930455135316888615e+00
1.097699999999999854e+01 1.793374716065533336e+00
1.112599999999999945e+01 1.724808740209223146e+00
1.127499999999999858e+01 1.649367267972510875e+00
1.142399999999999949e+01 1.564498301301995520e+00
1.157299999999999862e+01 1.453672089407804791e+00
1.172199999999999953e+01 1.398224664641373849e+00
1.187099999999999866e+01 1.337395286912509862e+00
1.201999999999999957e+01 1.269181242249292962e+00
1.216899999999999871e+01 1.179510391574022599e+00
1.231799999999999962e+01 1.134713399702413694e+00
1.246699999999999875e+01 1.085673268791239154e+00
1.261599999999999966e+01 1.030806447206658483e+00
1.276499999999999879e+01 9.581379661016056204e-01
1.291399999999999970e+01 9.219119643357907012e-01
1.306299999999999883e+01 8.823216059258821575e-01
1.321199999999999974e+01 8.381199577844888893e-01
1.336099999999999888e+01 7.791305999177073893e-01
1.350999999999999979e+01 7.498238098767493476e-01
1.365899999999999892e+01 7.178563745362441795e-01
1.380799999999999983e+01 6.822413618091598408e-01
1.395699999999999896e+01 6.343248727955479449e-01
1.410599999999999987e+01 6.106478427599715264e-01
1.425499999999999901e+01 5.848488134214641088e-01
1.440399999999999814e+01 5.561291592442776377e-01
1.455299999999999905e+01 5.171189149976000987e-01
1.470199999999999818e+01 4.979152107179766751e-01
1.485099999999999909e+01 4.769808013195261931e-01
1.500000000000000000e+01 4.536840067756700567e-01
