# Energy [MeV] 	-	 Rate [MeV^-1 s^-1]
1.000000000000000021e-02 4.474358930461760028e+05
1.599000000000000143e-01 4.339551644933065290e+03
3.098000000000000198e-01 1.704423930495344621e+03
4.596999999999999975e-01 9.106508201719288991e+02
6.096000000000000307e-01 5.502750881617918139e+02
7.595000000000000639e-01 3.143085135272934849e+02
9.093999999999999861e-01 2.292146320835426252e+02
1.059300000000000130e+00 1.713326287899811575e+02
1.209200000000000053e+00 1.290185524700826818e+02
1.359099999999999975e+00 9.243906205785746977e+01
1.509000000000000119e+00 7.539373373674204970e+01
1.658900000000000041e+00 6.163631514069950867e+01
1.808799999999999963e+00 5.002537513374181799e+01
1.958700000000000108e+00 3.915106972647688366e+01
2.108600000000000030e+00 3.351965463098307652e+01
2.258499999999999730e+00 2.859676895914785177e+01
2.408399999999999874e+00 2.413176315035092401e+01
2.558300000000000018e+00 1.979810600901688744e+01
2.708199999999999719e+00 1.742085949126612121e+01
2.858099999999999863e+00 1.524223400381865900e+01
3.008000000000000007e+00 1.317792657110128118e+01
3.157899999999999707e+00 1.113314911721434086e+01
3.307799999999999851e+00 9.971075342591454671e+00
3.457699999999999996e+00 8.872025450764875032e+00
3.607599999999999696e+00 7.799466000730681969e+00
3.757499999999999840e+00 6.722229201153575140e+00
3.907399999999999984e+00 6.095721294758098985e+00
4.057299999999999685e+00 5.489647203010872722e+00
4.207200000000000273e+00 4.885456454499265355e+00
4.357099999999999973e+00 4.272073091250295107e+00
4.506999999999999673e+00 3.909764561819942585e+00
4.656900000000000261e+00 3.553245715035539654e+00
4.806799999999999962e+00 3.192070096965341275e+00
4.956699999999999662e+00 2.822033510539820433e+00
5.106600000000000250e+00 2.601163784733681705e+00
5.256499999999999950e+00 2.380906118877830657e+00
5.406399999999999650e+00 2.154946087130839238e+00
5.556300000000000239e+00 1.921523451151198714e+00
5.706199999999999939e+00 1.781224912926510306e+00
5.856099999999999639e+00 1.639807864693183070e+00
6.006000000000000227e+00 1.493256992680077166e+00
6.155899999999999928e+00 1.340687852044441852e+00
6.305799999999999628e+00 1.248581874450031659e+00
6.455700000000000216e+00 1.154921273896592604e+00
6.605599999999999916e+00 1.057054226991257062e+00
6.755499999999999616e+00 9.544053903655549398e-01
6.905400000000000205e+00 8.922816894405168897e-01
7.055299999999999905e+00 8.286436083971988609e-01
7.205199999999999605e+00 7.616877419822211115e-01
7.355100000000000193e+00 6.909470801309889332e-01
7.504999999999999893e+00 6.480903524678409688e-01
7.654900000000000482e+00 6.039148806031308103e-01
7.804800000000000182e+00 5.571652326268879962e-01
7.954699999999999882e+00 5.074172608184914779e-01
8.104599999999999582e+00 4.772820469527055409e-01
8.254500000000000171e+00 4.460534391808464449e-01
8.404400000000000759e+00 4.128406005005688661e-01
8.554299999999999571e+00 3.772454426491511081e-01
8.704200000000000159e+00 3.557056114594175367e-01
8.854100000000000747e+00 3.332809515766385622e-01
9.003999999999999559e+00 3.093291578779423512e-01
9.153900000000000148e+00 2.834772374155724028e-01
9.303800000000000736e+00 2.678610282033566659e-01
9.453699999999999548e+00 2.515376329278437018e-01
9.603600000000000136e+00 2.340376102335801345e-01
9.753500000000000725e+00 2.150158129864041257e-01
9.903399999999999537e+00 2.035527133212014506e-01
1.005330000000000013e+01 1.915278994551975755e-01
1.020320000000000071e+01 1.785942305291619292e-01
1.035309999999999953e+01 1.644367811456262651e-01
1.050300000000000011e+01 1.559296398402346961e-01
1.065290000000000070e+01 1.469775162394939549e-01
1.080279999999999951e+01 1.373210715216816868e-01
1.095270000000000010e+01 1.266765679738472983e-01
1.110260000000000069e+01 1.203014726876995982e-01
1.125249999999999950e+01 1.135740674996543048e-01
1.140240000000000009e+01 1.062988545946436242e-01
1.155230000000000068e+01 9.822288330200511230e-02
1.170219999999999949e+01 9.340385076688309529e-02
1.185210000000000008e+01 8.830568433930291450e-02
1.200200000000000067e+01 8.277982581422575759e-02
1.215189999999999948e+01 7.660269471035045796e-02
1.230180000000000007e+01 7.293141422651643058e-02
1.245170000000000066e+01 6.903864967973087630e-02
1.260159999999999947e+01 6.481069838519115667e-02
1.275150000000000006e+01 6.005128977517769362e-02
1.290140000000000065e+01 5.723467641539354417e-02
1.305129999999999946e+01 5.424197951923120237e-02
1.320120000000000005e+01 5.098560817586909877e-02
1.335110000000000063e+01 4.729420291765380757e-02
1.350099999999999945e+01 4.511950210150237478e-02
1.365090000000000003e+01 4.280449999839975456e-02
1.380080000000000062e+01 4.028132295949882202e-02
1.395069999999999943e+01 3.740100695654060420e-02
1.410060000000000002e+01 3.571219794949673232e-02
1.425050000000000061e+01 3.391133231507128393e-02
1.440039999999999942e+01 3.194553226298169069e-02
1.455030000000000001e+01 2.968574546959417554e-02
1.470020000000000060e+01 2.836735132135410897e-02
1.485010000000000119e+01 2.695923982222694915e-02
1.500000000000000000e+01 2.542001291159043386e-02
