# Energy [MeV] 	-	 Rate [MeV^-1 s^-1]
1.000000000000000021e-02 1.745836763792955279e+08
1.599000000000000143e-01 2.196656155962259509e+06
3.098000000000000198e-01 8.911147972533025313e+05
4.596999999999999975e-01 4.847125091258260072e+05
6.096000000000000307e-01 2.992205964202221367e+05
7.595000000000000639e-01 1.431314477883675427e+05
9.093999999999999861e-01 1.049869149514321325e+05
1.059300000000000130e+00 7.882922889085899806e+04
1.209200000000000053e+00 6.003981170794243371e+04
1.359099999999999975e+00 3.941812016928350204e+04
1.509000000000000119e+00 3.221828004123987557e+04
1.658900000000000041e+00 2.636268757697499677e+04
1.808799999999999963e+00 2.157860026856649711e+04
1.958700000000000108e+00 1.602573785022864286e+04
2.108600000000000030e+00 1.372863482876763555e+04
2.258499999999999730e+00 1.170385242284915694e+04
2.408399999999999874e+00 9.951504118594468309e+03
2.558300000000000018e+00 7.878375793808993876e+03
2.708199999999999719e+00 6.930598644282005807e+03
2.858099999999999863e+00 6.054371726026456599e+03
3.008000000000000007e+00 5.273002363142999457e+03
3.157899999999999707e+00 4.338649368613323531e+03
3.307799999999999851e+00 3.882797229003901066e+03
3.457699999999999996e+00 3.447762366331291560e+03
3.607599999999999696e+00 3.053376046603704708e+03
3.757499999999999840e+00 2.577486833048507378e+03
3.907399999999999984e+00 2.334692126456536698e+03
4.057299999999999685e+00 2.097661159304072044e+03
4.207200000000000273e+00 1.880818102986012946e+03
4.357099999999999973e+00 1.616755383635052567e+03
4.506999999999999673e+00 1.477672904887494042e+03
4.656900000000000261e+00 1.339554163875530321e+03
4.806799999999999962e+00 1.212607979270354008e+03
4.956699999999999662e+00 1.056514551932203403e+03
5.106600000000000250e+00 9.723720350275669944e+02
5.256499999999999950e+00 8.876940188622196501e+02
5.406399999999999650e+00 8.097181057881275592e+02
5.556300000000000239e+00 7.128547646397491917e+02
5.706199999999999939e+00 6.597418322410957217e+02
5.856099999999999639e+00 6.057189656415406489e+02
6.006000000000000227e+00 5.559674914600138891e+02
6.155899999999999928e+00 4.935038383378536651e+02
6.305799999999999628e+00 4.588190466421714291e+02
6.455700000000000216e+00 4.232316813116251524e+02
6.605599999999999916e+00 3.904946492723879601e+02
6.755499999999999616e+00 3.489397223988339078e+02
6.905400000000000205e+00 3.256508265216522204e+02
7.055299999999999905e+00 3.015822911458758426e+02
7.205199999999999605e+00 2.794842553868728601e+02
7.355100000000000193e+00 2.511185069240456471e+02
7.504999999999999893e+00 2.351149649161322657e+02
7.654900000000000482e+00 2.184743359342179190e+02
7.804800000000000182e+00 2.032340748912465926e+02
7.954699999999999882e+00 1.834484281944607744e+02
8.104599999999999582e+00 1.722336540431992091e+02
8.254500000000000171e+00 1.605114460837612285e+02
8.404400000000000759e+00 1.498064645357338236e+02
8.554299999999999571e+00 1.357494469418006986e+02
8.704200000000000159e+00 1.277574932844466673e+02
8.854100000000000747e+00 1.193662575913533033e+02
9.003999999999999559e+00 1.117271061228194071e+02
9.153900000000000148e+00 1.015806851135024402e+02
9.303800000000000736e+00 9.580202794633318319e+01
9.453699999999999548e+00 8.971086183180864282e+01
9.603600000000000136e+00 8.418386656947429003e+01
9.753500000000000725e+00 7.675858722946863111e+01
9.903399999999999537e+00 7.252685661882725299e+01
1.005330000000000013e+01 6.805092992883999159e+01
1.020320000000000071e+01 6.400335578185404017e+01
1.035309999999999953e+01 5.850340775149899741e+01
1.050300000000000011e+01 5.536960999014319640e+01
1.065290000000000070e+01 5.204490547622860674e+01
1.080279999999999951e+01 4.904877157392644449e+01
1.095270000000000010e+01 4.493119926488505200e+01
1.110260000000000069e+01 4.258730147758379303e+01
1.125249999999999950e+01 4.009390522357522002e+01
1.140240000000000009e+01 3.785475747285489234e+01
1.155230000000000068e+01 3.474268332251270408e+01
1.170219999999999949e+01 3.297396241547751572e+01
1.185210000000000008e+01 3.108789031133212433e+01
1.200200000000000067e+01 2.940005649217719608e+01
1.215189999999999948e+01 2.702785250468898326e+01
1.230180000000000007e+01 2.568249068391273937e+01
1.245170000000000066e+01 2.424475663817570847e+01
1.260159999999999947e+01 2.296262229810371380e+01
1.275150000000000006e+01 2.114049974527600995e+01
1.290140000000000065e+01 2.010978335166803532e+01
1.305129999999999946e+01 1.900614080261356520e+01
1.320120000000000005e+01 1.802535288547490211e+01
1.335110000000000063e+01 1.661603919484143788e+01
1.350099999999999945e+01 1.582122521275116434e+01
1.365090000000000003e+01 1.496866194528699445e+01
1.380080000000000062e+01 1.421361180549373060e+01
1.395069999999999943e+01 1.311671627080269253e+01
1.410060000000000002e+01 1.250017693268090824e+01
1.425050000000000061e+01 1.183776719366925079e+01
1.440039999999999942e+01 1.125312341003913019e+01
1.455030000000000001e+01 1.039448933331407510e+01
1.470020000000000060e+01 9.913652416948915302e+00
1.485010000000000119e+01 9.396271067820082479e+00
1.500000000000000000e+01 8.941174019166295395e+00
