# Energy [MeV] 	-	 Rate [MeV^-1 s^-1]
1.000000000000000056e-01 7.071390114771211743e-06
1.000624999999999987e-01 6.600443929635776101e-06
1.002500000000000058e-01 7.408404704157291685e-06
1.005624999999999991e-01 8.957988561490966495e-06
1.010000000000000064e-01 1.162512488180766013e-05
1.015625000000000000e-01 1.610773389988599583e-05
1.022500000000000075e-01 2.367473557119049608e-05
1.030625000000000013e-01 3.662469485722871549e-05
1.040000000000000091e-01 5.910711231780659388e-05
1.050625000000000031e-01 9.853701292637479599e-05
1.062500000000000111e-01 1.678890550239370446e-04
1.075625000000000053e-01 2.890774949556190764e-04
1.089999999999999997e-01 4.971763625530103980e-04
1.105625000000000080e-01 8.440724245749920990e-04
1.122500000000000026e-01 1.398097826534498017e-03
1.140625000000000111e-01 2.233930660550375105e-03
1.160000000000000059e-01 3.406944639736307189e-03
1.180625000000000147e-01 4.912008317907812747e-03
1.202499999999999958e-01 6.640281164171807707e-03
1.225625000000000048e-01 8.362654422581846866e-03
1.250000000000000000e-01 9.769313696708102623e-03
1.275624999999999953e-01 1.056807066337813947e-02
1.302500000000000047e-01 1.059982697472579630e-02
1.330625000000000002e-01 9.904794899225842844e-03
1.360000000000000098e-01 8.698271243300878183e-03
1.390625000000000056e-01 7.274536728221323370e-03
1.422500000000000153e-01 5.900462188900494620e-03
1.455625000000000113e-01 4.753566106025091352e-03
1.490000000000000213e-01 3.919434472786912337e-03
1.525624999999999898e-01 3.422290682732523435e-03
1.562500000000000000e-01 3.209354456425549465e-03
1.600624999999999964e-01 3.232095066340672038e-03
1.640000000000000069e-01 3.489835272792078148e-03
1.680625000000000036e-01 4.027233148387527814e-03
1.722500000000000142e-01 4.943072658707491941e-03
1.765625000000000111e-01 5.928793890379252009e-03
1.809999999999999942e-01 8.057633527602629797e-03
1.855625000000000191e-01 1.134896560865797897e-02
1.902500000000000024e-01 1.635177059210918618e-02
1.950625000000000275e-01 2.373141869597989242e-02
2.000000000000000111e-01 3.407130978804585181e-02
2.050625000000000364e-01 4.756973480370119134e-02
2.102499999999999925e-01 6.433093762143080041e-02
2.155624999999999902e-01 8.424924279322951182e-02
2.210000000000000020e-01 1.068613362472989881e-01
2.265625000000000278e-01 1.313370585443336402e-01
2.322500000000000120e-01 1.565425507402716521e-01
2.380625000000000380e-01 1.811739987386280504e-01
2.439999999999999947e-01 2.039399127888867069e-01
2.500624999999999654e-01 2.102733849904894203e-01
2.562499999999999778e-01 2.255870988357602802e-01
2.625625000000000320e-01 2.372394744498450003e-01
2.690000000000000169e-01 2.454603193030894248e-01
2.755625000000000435e-01 2.509111097710901572e-01
2.822500000000000009e-01 2.546135934793080646e-01
2.890625000000000000e-01 2.578779657554285953e-01
2.960000000000000409e-01 2.622694618312726433e-01
3.030625000000000124e-01 2.696241889980265927e-01
3.102500000000000258e-01 2.811984334206247826e-01
3.175624999999999698e-01 2.973300213277224047e-01
3.249999999999999556e-01 3.184171745501770401e-01
3.325624999999999831e-01 3.278341206142626474e-01
3.402500000000000524e-01 3.590538186812626820e-01
3.480625000000000524e-01 3.966689381338621145e-01
3.559999999999999831e-01 4.412819924441853670e-01
3.640625000000000666e-01 4.933975163242427797e-01
3.722500000000000808e-01 5.532962379484559490e-01
3.805625000000000258e-01 6.208636242636060842e-01
3.890000000000000124e-01 6.953719868145401550e-01
3.975625000000000409e-01 7.752380927335257299e-01
4.062500000000001110e-01 8.213469495213768790e-01
4.150625000000000009e-01 9.023434125509219861e-01
4.239999999999999325e-01 9.838767444490879033e-01
4.330624999999999059e-01 1.065380451302366804e+00
4.422500000000000320e-01 1.146489842985994656e+00
4.515624999999999778e-01 1.227098576030895671e+00
4.609999999999999654e-01 1.307410779600605366e+00
4.705624999999999947e-01 1.388011408363734489e+00
4.802500000000000657e-01 1.414933199464031066e+00
4.900625000000000675e-01 1.497566781601114227e+00
5.000000000000001110e-01 1.584853068453637270e+00
5.100625000000000853e-01 1.678851065592643188e+00
5.202500000000001013e-01 1.780218363506486767e+00
5.305625000000000480e-01 1.889154194135817422e+00
5.409999999999999254e-01 2.005773942077536898e+00
5.515624999999999556e-01 2.058821716296853843e+00
5.622499999999999165e-01 2.188250338624609714e+00
5.730625000000000302e-01 2.324997804287011416e+00
5.839999999999999636e-01 2.468600481237764654e+00
5.950625000000000497e-01 2.618354342818609126e+00
6.062500000000000666e-01 2.773306963819384574e+00
6.175625000000000142e-01 2.932808407911351445e+00
6.290000000000000036e-01 3.003987163031776930e+00
6.405625000000000346e-01 3.169819511390359335e+00
6.522500000000001075e-01 3.339766623615336272e+00
6.640625000000000000e-01 3.513613179661941199e+00
6.759999999999999343e-01 3.691149091436346286e+00
6.880624999999999103e-01 3.872176278562497576e+00
7.002499999999999281e-01 3.945125116736091897e+00
7.125624999999999876e-01 4.131479710425782770e+00
7.249999999999999778e-01 4.321332890816587557e+00
7.375625000000000098e-01 4.514663018605945766e+00
7.502499999999999725e-01 4.711504997951069917e+00
7.630624999999999769e-01 4.911960117802885328e+00
7.760000000000000231e-01 4.987676562458084106e+00
7.890625000000000000e-01 5.195939230460467684e+00
8.022500000000000187e-01 5.409178419214454969e+00
8.155624999999999680e-01 5.627710136551860032e+00
8.290000000000000702e-01 5.851381016896821663e+00
8.425625000000001030e-01 6.079926402385996909e+00
8.562500000000000666e-01 6.168978586392619867e+00
8.700625000000000719e-01 6.407568311408084583e+00
8.840000000000001190e-01 6.650723544405849452e+00
8.980625000000002078e-01 6.898082655705159993e+00
9.122500000000001164e-01 7.149238139046566687e+00
9.265625000000000666e-01 7.244465115495600571e+00
9.409999999999999476e-01 7.504129255433068302e+00
9.555624999999998703e-01 7.766989676158758016e+00
9.702499999999999458e-01 8.032540164551479123e+00
9.850624999999999520e-01 8.300227667398909048e+00
9.999999999999998890e-01 8.569632943550805848e+00
1.015062499999999979e+00 8.670361745827454669e+00
1.030250000000000110e+00 8.946387081168834854e+00
1.045562499999999950e+00 9.224286527834523852e+00
1.061000000000000165e+00 9.503546811036043707e+00
1.076562500000000089e+00 9.599163781029002251e+00
1.092250000000000165e+00 9.884878874417562855e+00
1.108062500000000172e+00 1.017140938090290270e+01
1.124000000000000110e+00 1.045820530111040725e+01
1.140062500000000201e+00 1.074468625060237059e+01
1.156250000000000222e+00 1.083769919982175978e+01
1.172562500000000174e+00 1.112920839977364018e+01
1.189000000000000279e+00 1.141992683181218382e+01
1.205562500000000092e+00 1.170928836504290338e+01
1.222250000000000281e+00 1.199697723301104446e+01
1.239062500000000178e+00 1.208522341532248490e+01
1.256000000000000227e+00 1.237685121870961424e+01
1.273062500000000208e+00 1.266623970051107761e+01
1.290250000000000341e+00 1.295272780967545145e+01
1.307562500000000405e+00 1.302968226848420130e+01
1.325000000000000400e+00 1.331930070368074581e+01
1.342562499999999881e+00 1.360556546723212890e+01
1.360250000000000181e+00 1.388783536898536752e+01
1.378062499999999968e+00 1.395192921652325246e+01
1.395999999999999908e+00 1.423644908628457273e+01
1.414062500000000000e+00 1.451671256381347419e+01
1.432249999999999801e+00 1.479213281987684425e+01
1.450562499999999977e+00 1.484326988231576472e+01
1.469000000000000083e+00 1.512073621586647931e+01
1.487562500000000121e+00 1.539337630682629232e+01
1.506250000000000089e+00 1.566068323061136347e+01
1.525062500000000210e+00 1.570027682189734008e+01
1.544000000000000039e+00 1.596973992404169351e+01
1.563062500000000021e+00 1.623342333532475479e+01
1.582250000000000156e+00 1.649051628311186946e+01
1.601562500000000222e+00 1.651811376909018136e+01
1.621000000000000218e+00 1.677592452903006404e+01
1.640562500000000146e+00 1.702652949837116125e+01
1.660250000000000448e+00 1.726910290384672209e+01
1.680062500000000236e+00 1.728329727331747279e+01
1.700000000000000400e+00 1.752535872772257974e+01
1.720062500000000272e+00 1.775885336590976848e+01
1.740250000000000519e+00 1.798295472132206996e+01
1.760562500000000252e+00 1.798302581280288592e+01
1.781000000000000361e+00 1.820572123169220546e+01
1.801562500000000400e+00 1.841861374965113285e+01
1.822250000000000369e+00 1.862136690591805532e+01
1.843062500000000048e+00 1.860697946980204520e+01
1.863999999999999879e+00 1.880739531596992720e+01
1.885062499999999863e+00 1.899695096657282178e+01
1.906250000000000000e+00 1.896102403539192593e+01
1.927562499999999845e+00 1.914811936645174129e+01
1.948999999999999844e+00 1.932423988387840552e+01
1.970562500000000217e+00 1.948917433109621555e+01
1.992250000000000076e+00 1.944090195993141634e+01
2.014062500000000089e+00 1.960338978930180076e+01
2.036000000000000032e+00 1.975483151249456171e+01
2.058062500000000128e+00 1.968978975246241703e+01
2.080249999999999932e+00 1.984236628462193153e+01
2.102562499999999890e+00 1.998498562152042268e+01
2.125000000000000444e+00 1.990690648541439955e+01
2.147562500000000263e+00 2.005022407297084897e+01
2.170250000000000234e+00 2.018323226076137189e+01
2.193062500000000359e+00 2.030509523507266323e+01
2.216000000000000192e+00 2.022526402487676123e+01
2.239062500000000178e+00 2.034754699506872910e+01
2.262250000000000316e+00 2.045837535514123928e+01
2.285562500000000608e+00 2.036568153613552568e+01
2.309000000000000608e+00 2.047627285349843262e+01
2.332562500000000316e+00 2.057513165300688485e+01
2.356250000000000178e+00 2.047008424373256119e+01
2.380062500000000192e+00 2.056818085244862004e+01
2.403999999999999915e+00 2.065430601518367126e+01
2.428062499999999790e+00 2.053753767464725755e+01
2.452249999999999819e+00 2.062251339531138683e+01
2.476562500000000000e+00 2.069532395024562277e+01
2.500999999999999890e+00 2.056760201563811563e+01
2.525562499999999932e+00 2.063901818974824920e+01
2.550250000000000128e+00 2.069812548057961976e+01
2.575062500000000032e+00 2.056035886593512885e+01
2.600000000000000089e+00 2.061797166153562344e+01
2.625062500000000743e+00 2.066318507544870187e+01
2.650250000000000217e+00 2.051642716462223603e+01
2.675562500000000288e+00 2.056019119560077613e+01
2.701000000000000068e+00 2.059152010335329663e+01
2.726562500000000000e+00 2.043696788164326605e+01
2.752250000000000085e+00 2.046703594856998976e+01
2.778062499999999879e+00 2.048468770906687197e+01
2.804000000000000270e+00 2.032367750520358030e+01
2.830062499999999481e+00 2.034039643079123749e+01
2.856250000000000178e+00 2.034477048084291440e+01
2.882562500000000139e+00 2.017877082728226767e+01
2.909000000000000252e+00 2.018267352645041157e+01
2.935562499999999631e+00 2.017435174203322745e+01
2.962250000000000050e+00 2.000495399700497146e+01
2.989062499999999734e+00 1.999674808186636099e+01
3.016000000000000458e+00 1.997647731199501209e+01
3.043062500000000004e+00 1.980530343005014515e+01
3.070250000000000590e+00 1.978557037032929244e+01
3.097562499999999996e+00 1.975420924018100877e+01
3.125000000000000444e+00 1.958157756707333874e+01
3.152562500000000156e+00 1.955020938429911581e+01
3.180250000000000465e+00 1.936555204041166434e+01
3.208062500000000039e+00 1.933423775715373338e+01
3.236000000000000654e+00 1.929115558257073815e+01
3.264062500000000089e+00 1.910680953581899288e+01
3.292250000000001009e+00 1.906392496034851192e+01
3.320562499999999861e+00 1.900968531334177669e+01
3.349000000000000643e+00 1.882589249184993818e+01
3.377562500000000245e+00 1.877150902444200753e+01
3.406250000000000444e+00 1.857811459287333022e+01
3.435062500000000352e+00 1.852381194601796821e+01
3.463999999999999968e+00 1.845807544211470130e+01
3.493062500000000181e+00 1.826712718268493418e+01
3.522249999999999659e+00 1.820178499127557359e+01
3.551562500000000622e+00 1.800249409776324327e+01
3.580999999999999961e+00 1.793732796775346827e+01
3.610562500000000341e+00 1.786121551641767269e+01
3.640249999999999986e+00 1.766576847537143991e+01
3.670062500000000227e+00 1.759023207275914658e+01
3.699999999999999734e+00 1.750418984243404097e+01
3.730062500000000281e+00 1.731304157904149932e+01
3.760250000000000092e+00 1.722750433383958324e+01
3.790562500000000501e+00 1.703068452261588916e+01
3.821000000000000174e+00 1.694606501031665147e+01
3.851562500000000888e+00 1.674416263693710150e+01
3.882249999999999979e+00 1.666040538440721974e+01
3.913062500000000998e+00 1.656669696022176552e+01
3.944000000000000394e+00 1.637153557263019366e+01
3.975062500000000387e+00 1.627921049544011467e+01
4.006249999999999645e+00 1.608042695899752061e+01
4.037562500000000831e+00 1.598946676596092153e+01
4.068999999999999950e+00 1.588896456296919624e+01
4.100562500000000554e+00 1.569814465679171001e+01
4.132249999999999979e+00 1.559923841888007523e+01
4.164062500000000000e+00 1.540568231751492334e+01
4.195999999999999730e+00 1.530816467575742479e+01
4.228062499999999169e+00 1.511249005984391935e+01
4.260250000000000092e+00 1.501618800090823314e+01
4.292562499999998948e+00 1.491087580436188276e+01
4.325000000000000178e+00 1.472373002974427791e+01
4.357562499999999339e+00 1.461985403686126794e+01
4.390249999999999986e+00 1.443119217567083901e+01
4.423062499999999453e+00 1.432861761961914659e+01
4.456000000000000405e+00 1.413895786689535683e+01
4.489062499999999289e+00 1.403757630971042047e+01
4.522249999999999659e+00 1.392808157079201692e+01
4.555562499999999737e+00 1.374712070790211271e+01
4.589000000000000412e+00 1.363864844660043651e+01
4.622562499999999019e+00 1.345762392060342272e+01
4.656250000000000000e+00 1.335051562332154163e+01
4.690062499999999801e+00 1.316944285675462289e+01
4.724000000000000199e+00 1.306363667125207861e+01
4.758062499999999417e+00 1.288291922557396418e+01
4.792250000000000121e+00 1.277837072597158929e+01
4.826562499999999645e+00 1.259838029143353388e+01
4.861000000000000654e+00 1.249506032833269842e+01
4.895562499999999595e+00 1.238460860612643444e+01
4.930250000000000909e+00 1.221403217714414424e+01
4.965062500000000156e+00 1.210469737007560376e+01
5.000000000000000888e+00 1.193559770417202692e+01
5.035062500000000441e+00 1.182773785682731926e+01
5.070249999999998813e+00 1.166002849144182818e+01
5.105562499999999559e+00 1.155358333302047669e+01
5.141000000000000014e+00 1.138748413375742885e+01
5.176562500000000178e+00 1.128238355037500007e+01
5.212249999999999162e+00 1.111809213849461209e+01
5.248062499999999631e+00 1.101427727635329745e+01
5.283999999999998920e+00 1.085197393906249275e+01
5.320062499999999694e+00 1.074939596782929918e+01
5.356249999999999289e+00 1.058924515707011516e+01
5.392562500000000369e+00 1.048786413503340498e+01
5.428999999999998494e+00 1.033001578624619476e+01
5.465562500000000767e+00 1.022979961540622007e+01
5.502249999999999197e+00 1.007439030494834320e+01
5.539062500000000000e+00 9.975313767637318918e+00
5.575999999999999623e+00 9.822467739155136712e+00
5.613062500000000732e+00 9.724511607338488517e+00
5.650249999999999773e+00 9.574341680915521735e+00
5.687562500000000298e+00 9.477491891616976361e+00
5.724999999999999645e+00 9.375179296833056952e+00
5.762562500000001364e+00 9.234347164997116053e+00
5.800250000000000128e+00 9.089826176911842026e+00
5.838062500000000377e+00 8.995163777323721632e+00
5.875999999999999446e+00 8.853596508364955042e+00
5.914062500000000888e+00 8.760021879388736110e+00
5.952249999999999375e+00 8.621482782205022843e+00
5.990562500000000234e+00 8.528995404481532816e+00
6.028999999999999915e+00 8.393550099157112143e+00
6.067562499999999304e+00 8.302142776678403280e+00
6.106250000000000178e+00 8.169825313251235954e+00
6.145062499999998984e+00 8.079463950896428770e+00
6.184000000000000163e+00 7.950287643157159856e+00
6.223062499999999275e+00 7.860938251643865726e+00
6.262249999999999872e+00 7.734912669770107385e+00
6.301562499999999289e+00 7.646544282949602866e+00
6.341000000000001080e+00 7.523675618010679855e+00
6.380562499999999915e+00 7.436259863042713469e+00
6.420250000000000234e+00 7.316551231825306978e+00
6.460062499999999375e+00 7.230061921086925913e+00
6.500000000000000888e+00 7.113513646003474911e+00
6.540062499999999446e+00 7.027926387654773066e+00
6.580250000000000377e+00 6.914536254389668457e+00
6.620562500000000128e+00 6.830043103479731315e+00
6.661000000000001364e+00 6.719591576569122537e+00
6.701562499999999645e+00 6.607571962868409976e+00
6.742250000000000298e+00 6.528651123568803172e+00
6.783062499999999773e+00 6.419831581866636050e+00
6.824000000000000732e+00 6.341685264361041519e+00
6.865062499999999623e+00 6.236050045788016583e+00
6.906250000000000888e+00 6.158663092712822973e+00
6.947562500000000085e+00 6.056195125303067250e+00
6.989000000000000767e+00 5.979552295918379556e+00
7.030562500000000270e+00 5.880233104383890463e+00
7.072249999999999481e+00 5.804499568570339108e+00
7.114062499999999289e+00 5.708117693315839958e+00
7.155999999999998806e+00 5.610768721021192285e+00
7.198062500000000696e+00 5.539786503927034644e+00
7.240249999999998742e+00 5.445529586935681010e+00
7.282562500000000050e+00 5.375176597901621278e+00
7.324999999999999289e+00 5.283974408270434964e+00
7.367562500000000902e+00 5.214225559656706643e+00
7.410249999999998671e+00 5.126041486732947128e+00
7.453062499999999702e+00 5.037065372398604524e+00
7.495999999999998664e+00 4.971669564960612853e+00
7.539062500000000888e+00 4.885662258463392860e+00
7.582250000000000156e+00 4.820797648941475444e+00
7.625562500000000021e+00 4.737720791517594954e+00
7.668999999999999595e+00 4.673364831483156401e+00
7.712562500000000654e+00 4.593181086270845981e+00
7.756249999999999645e+00 4.512450363157595845e+00
7.800062500000001009e+00 4.451983263266956037e+00
7.843999999999999417e+00 4.374083176672447948e+00
7.888062500000001087e+00 4.314067278019332541e+00
7.932249999999999801e+00 4.238959933989171702e+00
7.976562500000001776e+00 4.163500338911758192e+00
8.021000000000000796e+00 4.107021486197414362e+00
8.065562500000000412e+00 4.034283785822907475e+00
8.110249999999998849e+00 3.978202892112746358e+00
8.155062499999999659e+00 3.908142042685780471e+00
8.200000000000001066e+00 3.837866527819947748e+00
8.245062499999999517e+00 3.785000413169763434e+00
8.290250000000000341e+00 3.717315953233448766e+00
8.335562499999999986e+00 3.664785081577074166e+00
8.381000000000000227e+00 3.599648075046611329e+00
8.426562499999999289e+00 3.534393714464550307e+00
8.472250000000000725e+00 3.484792063291040520e+00
8.518062499999999204e+00 3.421999384803998012e+00
8.564000000000000057e+00 3.372677663687581262e+00
8.610062499999999730e+00 3.312306013049800768e+00
8.656250000000000000e+00 3.251885530995938023e+00
8.702562499999999091e+00 3.205245998103240179e+00
8.749000000000000554e+00 3.147161832989267438e+00
8.795562500000000838e+00 3.100851207714047320e+00
8.842250000000001720e+00 3.044966538468664830e+00
8.889062499999999645e+00 2.989178058277332628e+00
8.936000000000001720e+00 2.945234599611998405e+00
8.983062499999999062e+00 2.891661946831526997e+00
9.030250000000000554e+00 2.838161100722603081e+00
9.077562500000000867e+00 2.796509697025876484e+00
9.125000000000000000e+00 2.745143265776675889e+00
9.172562499999999730e+00 2.703745328340620535e+00
9.220250000000000057e+00 2.654393399389508801e+00
9.268062500000000981e+00 2.605214161141534479e+00
9.315999999999998948e+00 2.565850709994829337e+00
9.364062500000001066e+00 2.518694140738960918e+00
9.412249999999998451e+00 2.471672614480061814e+00
9.460562499999999986e+00 2.434289978122079035e+00
9.508999999999998565e+00 2.389214329809041359e+00
9.557562500000001293e+00 2.344312617837796875e+00
9.606249999999999289e+00 2.308783117848651312e+00
9.655062500000001435e+00 2.265752445376361557e+00
9.703999999999998849e+00 2.222925958340394192e+00
9.753062500000000412e+00 2.189133006408909843e+00
9.802249999999999019e+00 2.148104770515602890e+00
9.851562500000000000e+00 2.107303652903533830e+00
9.900999999999999801e+00 2.075140329308855058e+00
9.950562500000000199e+00 2.036066804521444951e+00
1.000024999999999942e+01 1.997237141945958472e+00
1.005006250000000101e+01 1.966604637946052891e+00
1.009999999999999964e+01 1.929431780688514397e+00
