# Energy [MeV] 	-	 Rate [MeV^-1 s^-1]
5.000000000000000278e-02 4.613983063682898809e-28
5.099599999999999966e-02 1.993554743735255121e-30
5.398400000000000420e-02 4.999014640084770913e-31
5.896400000000000252e-02 2.459923366620187309e-20
6.593599999999999461e-02 3.893610102566127456e-09
7.490000000000000824e-02 5.010650501702745102e-08
8.585600000000000176e-02 1.086169567306607623e-09
9.880400000000000293e-02 1.439148927950041515e-06
1.137439999999999979e-01 4.553730092283438569e-04
1.306759999999999866e-01 2.341059575905920977e-03
1.496000000000000107e-01 8.547567674141162220e-04
1.705160000000000009e-01 1.021947095718235467e-03
1.934239999999999848e-01 5.168691198893210492e-03
2.183240000000000181e-01 2.376886272985620496e-02
2.452159999999999895e-01 5.224295903403902708e-02
2.740999999999999548e-01 6.712654873365668518e-02
3.049759999999999693e-01 7.356894043641400149e-02
3.378440000000000332e-01 9.968090311320121355e-02
3.727039999999999242e-01 1.596838807460827514e-01
4.095559999999999756e-01 2.559335075220661171e-01
4.484000000000000208e-01 3.605892812162228012e-01
4.892359999999998932e-01 4.650447096322220530e-01
5.320639999999999814e-01 5.924660509008010667e-01
5.768840000000000634e-01 7.594275593936788971e-01
6.236960000000000282e-01 9.577653900338671811e-01
6.724999999999999867e-01 1.173484673547127377e+00
7.232960000000000500e-01 1.131219338609038783e+00
7.760839999999999961e-01 1.363638791253894311e+00
8.308640000000000470e-01 1.622516254371390021e+00
8.876359999999998696e-01 1.910755400689136740e+00
9.463999999999999080e-01 2.224327998403787809e+00
1.007155999999999940e+00 2.556204578147251993e+00
1.069903999999999966e+00 2.899090176875538827e+00
1.134643999999999986e+00 3.245307683094841966e+00
1.201376000000000221e+00 3.582808004560557702e+00
1.270100000000000229e+00 3.894591742475721485e+00
1.340815999999999786e+00 3.727279468990567501e+00
1.413523999999999781e+00 4.089271235839007090e+00
1.488223999999999991e+00 4.444284843319078249e+00
1.564915999999999974e+00 4.786036575895792566e+00
1.643600000000000172e+00 5.103930702283211218e+00
1.724276000000000142e+00 5.383700571451719874e+00
1.806943999999999662e+00 5.609200719249081146e+00
1.891603999999999619e+00 5.756397408184348308e+00
1.978255999999999792e+00 5.486599920816422227e+00
2.066899999999999959e+00 5.723229515455286354e+00
2.157535999999999898e+00 5.927858808318211103e+00
2.250163999999999831e+00 6.090897123738660213e+00
2.344783999999999757e+00 6.198651606150896498e+00
2.441395999999999233e+00 6.234516327204037367e+00
2.539999999999999591e+00 5.824646960631548076e+00
2.640595999999999499e+00 5.948670608000569793e+00
2.743183999999999845e+00 6.031551242826437509e+00
2.847763999999999740e+00 6.065274905141801121e+00
2.954335999999999629e+00 6.040703336650166122e+00
3.062899999999999956e+00 5.939984031872164394e+00
3.173455999999999833e+00 5.555778953142329613e+00
3.286004000000000147e+00 5.565797298806183235e+00
3.400543999999999123e+00 5.534814217723143415e+00
3.517075999999998981e+00 5.453926749230522120e+00
3.635599999999999277e+00 5.311476103970036888e+00
3.756115999999999122e+00 4.916490477043076623e+00
3.878623999999999850e+00 4.868968772507612286e+00
4.003123999999999683e+00 4.787172545909482047e+00
4.129615999999999509e+00 4.663826604208075821e+00
4.258099999999999774e+00 4.487629726073028458e+00
4.388575999999999588e+00 4.167091757044843803e+00
4.521043999999999841e+00 4.084441894003473017e+00
4.655504000000000531e+00 3.971059701708671508e+00
4.791955999999999882e+00 3.819631542825008275e+00
4.930400000000000560e+00 3.492810080649656257e+00
5.070835999999999011e+00 3.409769021116993315e+00
5.213263999999998788e+00 3.303627864344217624e+00
5.357683999999999003e+00 3.168777468340148395e+00
5.504095999999998767e+00 2.878449244800791895e+00
5.652499999999998970e+00 2.797701484040036490e+00
5.802895999999999610e+00 2.698586758995534129e+00
5.955283999999998912e+00 2.576495425983281073e+00
6.109663999999999540e+00 2.338338000451723797e+00
6.266036000000000605e+00 2.261925840468688609e+00
6.424400000000000333e+00 2.170353108724959679e+00
6.584756000000000498e+00 2.059142227525148972e+00
6.747104000000000212e+00 1.876438997705720313e+00
6.911443999999999477e+00 1.805059924017500483e+00
7.077775999999998291e+00 1.720373117325195045e+00
7.246099999999998431e+00 1.617631426819701179e+00
7.416415999999998121e+00 1.488213148605912473e+00
7.588723999999999137e+00 1.421888121203780386e+00
7.763023999999998814e+00 1.343322003241739893e+00
7.939315999999998930e+00 1.219202089776518783e+00
8.117600000000001259e+00 1.166142369292377357e+00
8.297876000000000474e+00 1.104090264381614617e+00
8.480144000000001014e+00 1.029203342873733051e+00
8.664404000000001105e+00 9.509376918361266418e-01
8.850656000000000745e+00 9.011275750064270396e-01
9.038899999999999935e+00 8.418417194423410965e-01
9.229136000000000450e+00 7.718364403608410917e-01
9.421363999999998740e+00 7.312764850210478063e-01
9.615583999999998355e+00 6.834137446430055274e-01
9.811795999999999296e+00 6.241067428598180422e-01
1.000999999999999979e+01 5.907681257271565345e-01
