# Energy [MeV] 	-	 Rate [MeV^-1 s^-1]
1.000000000000000056e-01 1.188414386269409391e-13
2.489999999999999991e-01 6.660759359660138081e-04
3.980000000000000204e-01 4.145665122185880104e-03
5.469999999999999307e-01 2.257971351824326206e-02
6.959999999999999520e-01 7.090979849814542380e-02
8.449999999999999734e-01 1.314802828322302886e-01
9.939999999999998836e-01 2.463887388128008504e-01
1.143000000000000016e+00 3.979479677559361606e-01
1.292000000000000037e+00 5.691368999526662531e-01
1.441000000000000059e+00 7.031254829701243381e-01
1.590000000000000080e+00 9.116342013064503425e-01
1.739000000000000101e+00 1.114658076675286935e+00
1.887999999999999901e+00 1.285482892308830616e+00
2.036999999999999922e+00 1.369088800191195832e+00
2.185999999999999943e+00 1.542949163807954438e+00
2.334999999999999964e+00 1.687899125684895196e+00
2.483999999999999986e+00 1.784546603837150025e+00
2.633000000000000007e+00 1.792015073280735837e+00
2.782000000000000028e+00 1.895541897734127179e+00
2.931000000000000050e+00 1.962566758794287436e+00
3.080000000000000071e+00 1.982296675856931811e+00
3.229000000000000092e+00 1.927743328738992457e+00
3.378000000000000114e+00 1.969280299861453365e+00
3.527000000000000135e+00 1.979673884895862379e+00
3.675999999999999712e+00 1.950228079073669241e+00
3.824999999999999734e+00 1.861782632566602702e+00
3.973999999999999755e+00 1.861331629764994222e+00
4.122999999999999332e+00 1.837507560144941099e+00
4.271999999999999353e+00 1.783868750725460250e+00
4.420999999999999375e+00 1.685696061772646193e+00
4.569999999999999396e+00 1.663919817830333381e+00
4.718999999999999417e+00 1.624295460810985636e+00
4.867999999999999439e+00 1.562071179686046918e+00
5.016999999999999460e+00 1.466029164768141158e+00
5.165999999999999481e+00 1.434397982050449771e+00
5.314999999999999503e+00 1.389780669481745390e+00
5.463999999999999524e+00 1.328511627468406786e+00
5.612999999999999545e+00 1.241426336919479123e+00
5.761999999999999567e+00 1.207354779200960682e+00
5.910999999999999588e+00 1.163832066855390535e+00
6.059999999999999609e+00 1.108140118293110987e+00
6.208999999999999631e+00 1.032676328130249566e+00
6.357999999999999652e+00 1.000368058099006641e+00
6.506999999999999673e+00 9.611610502668029854e-01
6.655999999999999694e+00 9.129253050418880688e-01
6.804999999999999716e+00 8.492389891250816669e-01
6.953999999999999737e+00 8.203440566548515500e-01
7.102999999999999758e+00 7.863883841999506075e-01
7.251999999999998892e+00 7.457396685678182591e-01
7.400999999999998913e+00 6.929299031648888940e-01
7.549999999999998934e+00 6.680390270983087575e-01
7.698999999999998956e+00 6.393838116920436132e-01
7.847999999999998977e+00 6.057162097161299386e-01
7.996999999999998998e+00 5.623897543021021406e-01
8.145999999999999019e+00 5.414252000279079491e-01
8.294999999999999929e+00 5.176589877594618416e-01
8.443999999999999062e+00 4.901275841444722725e-01
8.592999999999999972e+00 4.548652760296196806e-01
8.741999999999999105e+00 4.374864255167709715e-01
8.891000000000000014e+00 4.180036760394397755e-01
9.039999999999999147e+00 3.956780043867643148e-01
9.189000000000000057e+00 3.671315188055701006e-01
9.337999999999999190e+00 3.528947497235896957e-01
9.487000000000000099e+00 3.370699849265510473e-01
9.635999999999999233e+00 3.190842562953480899e-01
9.784999999999998366e+00 2.960608852925403212e-01
9.933999999999999275e+00 2.844979623623721809e-01
1.008299999999999841e+01 2.717290474767152797e-01
1.023199999999999932e+01 2.573065170181685346e-01
1.038099999999999845e+01 2.387778151515504155e-01
1.052999999999999936e+01 2.294337273740521266e-01
1.067899999999999849e+01 2.191532474672219233e-01
1.082799999999999940e+01 2.075876035732643898e-01
1.097699999999999854e+01 1.926554573061055320e-01
1.112599999999999945e+01 1.850983761317195886e-01
1.127499999999999858e+01 1.768132036902427817e-01
1.142399999999999949e+01 1.675303180058561880e-01
1.157299999999999862e+01 1.554863161376310310e-01
1.172199999999999953e+01 1.493817584670908416e-01
1.187099999999999866e+01 1.427130989034592623e-01
1.201999999999999957e+01 1.352697712615922032e-01
1.216899999999999871e+01 1.255572274701495794e-01
1.231799999999999962e+01 1.206358557295507256e-01
1.246699999999999875e+01 1.152721401592143591e-01
1.261599999999999966e+01 1.092997804902132997e-01
1.276499999999999879e+01 1.014533499214652634e-01
1.291399999999999970e+01 9.747661956060088562e-02
1.306299999999999883e+01 9.315033997624992679e-02
1.321199999999999974e+01 8.834564120628991823e-02
1.336099999999999888e+01 8.199569293982535145e-02
1.350999999999999979e+01 7.878219203459366216e-02
1.365899999999999892e+01 7.529852516351036307e-02
1.380799999999999983e+01 7.144385008396846037e-02
1.395699999999999896e+01 6.631626582276217707e-02
1.410599999999999987e+01 6.373668831892152775e-02
1.425499999999999901e+01 6.094537453907566266e-02
1.440399999999999814e+01 5.785958578977498656e-02
1.455299999999999905e+01 5.371462151953902697e-02
1.470199999999999818e+01 5.163637434192535486e-02
1.485099999999999909e+01 4.938455951693294932e-02
1.500000000000000000e+01 4.689443016916409329e-02
