# Energy [MeV] 	-	 Rate [MeV^-1 s^-1]
1.000000000000000056e-01 1.637203706178565275e-15
2.489999999999999991e-01 9.176108969726811803e-06
3.980000000000000204e-01 5.711221928172865086e-05
5.469999999999999307e-01 3.110665024223087599e-04
6.959999999999999520e-01 9.768796662750966683e-04
8.449999999999999734e-01 1.811321108439808633e-03
9.939999999999998836e-01 3.394342587952575360e-03
1.143000000000000016e+00 5.482278700121238912e-03
1.292000000000000037e+00 7.840640879908069433e-03
1.441000000000000059e+00 9.686517261381571292e-03
1.590000000000000080e+00 1.255901064731557853e-02
1.739000000000000101e+00 1.535594280361520132e-02
1.887999999999999901e+00 1.770928877867062115e-02
2.036999999999999922e+00 1.886107475353673846e-02
2.185999999999999943e+00 2.125623956271113085e-02
2.334999999999999964e+00 2.325312396210267238e-02
2.483999999999999986e+00 2.458457544276328871e-02
2.633000000000000007e+00 2.468746384594813076e-02
2.782000000000000028e+00 2.611368775102944004e-02
2.931000000000000050e+00 2.703704707923691372e-02
3.080000000000000071e+00 2.730885372943209211e-02
3.229000000000000092e+00 2.655730659976202404e-02
3.378000000000000114e+00 2.712953530929996040e-02
3.527000000000000135e+00 2.727272118903526638e-02
3.675999999999999712e+00 2.686706485417019938e-02
3.824999999999999734e+00 2.564860760147287533e-02
3.973999999999999755e+00 2.564239441971706904e-02
4.122999999999999332e+00 2.531418520642536932e-02
4.271999999999999353e+00 2.457523708705552923e-02
4.420999999999999375e+00 2.322277373709903323e-02
4.569999999999999396e+00 2.292277612935452250e-02
4.718999999999999417e+00 2.237689630059652712e-02
4.867999999999999439e+00 2.151967154087399553e-02
5.016999999999999460e+00 2.019656114614009138e-02
5.165999999999999481e+00 1.976079824916952138e-02
5.314999999999999503e+00 1.914613361416362541e-02
5.463999999999999524e+00 1.830206858249454685e-02
5.612999999999999545e+00 1.710234934240765364e-02
5.761999999999999567e+00 1.663296693491978298e-02
5.910999999999999588e+00 1.603338191829276754e-02
6.059999999999999609e+00 1.526614899311178747e-02
6.208999999999999631e+00 1.422653184976198706e-02
6.357999999999999652e+00 1.378144114700285972e-02
6.506999999999999673e+00 1.324131087533429556e-02
6.655999999999999694e+00 1.257679737091249410e-02
6.804999999999999716e+00 1.169943107800550108e-02
6.953999999999999737e+00 1.130136377861394939e-02
7.102999999999999758e+00 1.083357784946959584e-02
7.251999999999998892e+00 1.027358607679143554e-02
7.400999999999998913e+00 9.546059175072337671e-03
7.549999999999998934e+00 9.203153240769737856e-03
7.698999999999998956e+00 8.808388372500589730e-03
7.847999999999998977e+00 8.344571009045889318e-03
7.996999999999998998e+00 7.747689700648899454e-03
8.145999999999999019e+00 7.458874230618830342e-03
8.294999999999999929e+00 7.131462081647197554e-03
8.443999999999999062e+00 6.752179261146764450e-03
8.592999999999999972e+00 6.266392634856622103e-03
8.741999999999999105e+00 6.026975148856011238e-03
8.891000000000000014e+00 5.758573570926891171e-03
9.039999999999999147e+00 5.451006843403255649e-03
9.189000000000000057e+00 5.057739877504173823e-03
9.337999999999999190e+00 4.861608869883198361e-03
9.487000000000000099e+00 4.643601044713347413e-03
9.635999999999999233e+00 4.395822980819648340e-03
9.784999999999998366e+00 4.078644488451767941e-03
9.933999999999999275e+00 3.919349376458419916e-03
1.008299999999999841e+01 3.743440072294757209e-03
1.023199999999999932e+01 3.544749947099221782e-03
1.038099999999999845e+01 3.289491682665612697e-03
1.052999999999999936e+01 3.160764066129439533e-03
1.067899999999999849e+01 3.019136364553105106e-03
1.082799999999999940e+01 2.859803767554081663e-03
1.097699999999999854e+01 2.654092986093969757e-03
1.112599999999999945e+01 2.549983834862333369e-03
1.127499999999999858e+01 2.435844228473907705e-03
1.142399999999999949e+01 2.307959754656507042e-03
1.157299999999999862e+01 2.142037120904323726e-03
1.172199999999999953e+01 2.057938471828198081e-03
1.187099999999999866e+01 1.966068545992876414e-03
1.201999999999999957e+01 1.863526505587089236e-03
1.216899999999999871e+01 1.729722902437445895e-03
1.231799999999999962e+01 1.661924261270838685e-03
1.246699999999999875e+01 1.588031727554472996e-03
1.261599999999999966e+01 1.505754287145706942e-03
1.276499999999999879e+01 1.397658951412239330e-03
1.291399999999999970e+01 1.342874040016831406e-03
1.306299999999999883e+01 1.283273608960976619e-03
1.321199999999999974e+01 1.217082297881819444e-03
1.336099999999999888e+01 1.129603057004130006e-03
1.350999999999999979e+01 1.085332677474569766e-03
1.365899999999999892e+01 1.037340391464531674e-03
1.380799999999999983e+01 9.842369588634563952e-04
1.395699999999999896e+01 9.135974575819053511e-04
1.410599999999999987e+01 8.780602417886771392e-04
1.425499999999999901e+01 8.396060685788041050e-04
1.440399999999999814e+01 7.970950990448693631e-04
1.455299999999999905e+01 7.399925349593660566e-04
1.470199999999999818e+01 7.113618315544272940e-04
1.485099999999999909e+01 6.803399959076999147e-04
1.500000000000000000e+01 6.460350510657845123e-04
