# Energy [MeV] 	-	 Rate [MeV^-1 s^-1]
1.000000000000000056e-01 2.371121871796964674e-08
2.489999999999999991e-01 4.847036267471728347e-04
3.980000000000000204e-01 1.956806145077450224e-03
5.469999999999999307e-01 5.638067416665970034e-03
6.959999999999999520e-01 1.121758984097406819e-02
8.449999999999999734e-01 1.529464458972788071e-02
9.939999999999998836e-01 2.245896544585209223e-02
1.143000000000000016e+00 2.978010217730747700e-02
1.292000000000000037e+00 3.617926782686907428e-02
1.441000000000000059e+00 3.883403928288355761e-02
1.590000000000000080e+00 4.501202125922142833e-02
1.739000000000000101e+00 5.001693770099402414e-02
1.887999999999999901e+00 5.311537888461128482e-02
2.036999999999999922e+00 5.253545488442457750e-02
2.185999999999999943e+00 5.568202112225898587e-02
2.334999999999999964e+00 5.766786539582928472e-02
2.483999999999999986e+00 5.804744128422138771e-02
2.633000000000000007e+00 5.571248158914716281e-02
2.782000000000000028e+00 5.675856440862697000e-02
2.931000000000000050e+00 5.680763698598387951e-02
3.080000000000000071e+00 5.561923408843826022e-02
3.229000000000000092e+00 5.251510767559985915e-02
3.378000000000000114e+00 5.233093883382045758e-02
3.527000000000000135e+00 5.142161951113094487e-02
3.675999999999999712e+00 4.959731334233109801e-02
3.824999999999999734e+00 4.640263491804912793e-02
3.973999999999999755e+00 4.561582043714165757e-02
4.122999999999999332e+00 4.433102106232996581e-02
4.271999999999999353e+00 4.240617438284173535e-02
4.420999999999999375e+00 3.950385445432150200e-02
4.569999999999999396e+00 3.853592607957214561e-02
4.718999999999999417e+00 3.720695695424935945e-02
4.867999999999999439e+00 3.541242720434362168e-02
5.016999999999999460e+00 3.289991020889274781e-02
5.165999999999999481e+00 3.192684678353712585e-02
5.314999999999999503e+00 3.069689452890941167e-02
5.463999999999999524e+00 2.913020920203716196e-02
5.612999999999999545e+00 2.702472340671943293e-02
5.761999999999999567e+00 2.613462217574398852e-02
5.910999999999999588e+00 2.505877321129017926e-02
6.059999999999999609e+00 2.373808616840066693e-02
6.208999999999999631e+00 2.200743224181972088e-02
6.357999999999999652e+00 2.123610725914483119e-02
6.506999999999999673e+00 2.032895052266688735e-02
6.655999999999999694e+00 1.924038983722960519e-02
6.804999999999999716e+00 1.783271509455332943e-02
6.953999999999999737e+00 1.718175247006617848e-02
7.102999999999999758e+00 1.643050290729552304e-02
7.251999999999998892e+00 1.554429643216380212e-02
7.400999999999998913e+00 1.440700880826974346e-02
7.549999999999998934e+00 1.386766373790980153e-02
7.698999999999998956e+00 1.325321178731870067e-02
7.847999999999998977e+00 1.253723710852777326e-02
7.996999999999998998e+00 1.162156184356181142e-02
8.145999999999999019e+00 1.117970243088270768e-02
8.294999999999999929e+00 1.068131297734856676e-02
8.443999999999999062e+00 1.010600643714005750e-02
8.592999999999999972e+00 9.370252145033685504e-03
8.741999999999999105e+00 9.010692310200759877e-03
8.891000000000000014e+00 8.608047053382320013e-03
9.039999999999999147e+00 8.146692847208324845e-03
9.189000000000000057e+00 7.555639047011628376e-03
9.337999999999999190e+00 7.264365395524927105e-03
9.487000000000000099e+00 6.940211308398948689e-03
9.635999999999999233e+00 6.571124336874994282e-03
9.784999999999998366e+00 6.096690139859780103e-03
9.933999999999999275e+00 5.861986059247366147e-03
1.008299999999999841e+01 5.602091031179692524e-03
1.023199999999999932e+01 5.307553703036538284e-03
1.038099999999999845e+01 4.926779078057998487e-03
1.052999999999999936e+01 4.738105144411229770e-03
1.067899999999999849e+01 4.529630319113705714e-03
1.082799999999999940e+01 4.293965204102406265e-03
1.097699999999999854e+01 3.987228864410741550e-03
1.112599999999999945e+01 3.834923113176175527e-03
1.127499999999999858e+01 3.667038365164997267e-03
1.142399999999999949e+01 3.477857463860608341e-03
1.157299999999999862e+01 3.230105842347652176e-03
1.172199999999999953e+01 3.107027508446580464e-03
1.187099999999999866e+01 2.971766129873084326e-03
1.201999999999999957e+01 2.819840650394804960e-03
1.216899999999999871e+01 2.619554672267600595e-03
1.231799999999999962e+01 2.520181661613414906e-03
1.246699999999999875e+01 2.411212786308003335e-03
1.261599999999999966e+01 2.289109013090199173e-03
1.276499999999999879e+01 2.126926063406640085e-03
1.291399999999999970e+01 2.046613308833207349e-03
1.306299999999999883e+01 1.958699232002732941e-03
1.321199999999999974e+01 1.860400023117540986e-03
1.336099999999999888e+01 1.728840257916178366e-03
1.350999999999999979e+01 1.663902114594652867e-03
1.365899999999999892e+01 1.592957330047336780e-03
1.380799999999999983e+01 1.513804730082637462e-03
1.395699999999999896e+01 1.407008866867988589e-03
1.410599999999999987e+01 1.354570834847171248e-03
1.425499999999999901e+01 1.297346179259853275e-03
1.440399999999999814e+01 1.233555493289811020e-03
1.455299999999999905e+01 1.146660990983927380e-03
1.470199999999999818e+01 1.104148752460717758e-03
1.485099999999999909e+01 1.057736798062383632e-03
1.500000000000000000e+01 1.006018883548478755e-03
