# Energy [MeV] 	-	 Rate [MeV^-1 s^-1]
1.000000000000000056e-01 3.471528921896810017e-07
1.000624999999999987e-01 3.192828963041622333e-07
1.002500000000000058e-01 3.583895882382046794e-07
1.005624999999999991e-01 4.333991654494099978e-07
1.010000000000000064e-01 5.625234881789060481e-07
1.015625000000000000e-01 7.795812187280776199e-07
1.022500000000000075e-01 1.146077948206379760e-06
1.030625000000000013e-01 1.773466920203047676e-06
1.040000000000000091e-01 2.863034272772920284e-06
1.050625000000000031e-01 4.774646990895373524e-06
1.062500000000000111e-01 8.138349085019921093e-06
1.075625000000000053e-01 1.401899442355120811e-05
1.089999999999999997e-01 2.412225398052885242e-05
1.105625000000000080e-01 4.097393795309204191e-05
1.122500000000000026e-01 6.790494916401823512e-05
1.140625000000000111e-01 1.085636060382782066e-04
1.160000000000000059e-01 1.656703179452153534e-04
1.180625000000000147e-01 2.390108703647586216e-04
1.202499999999999958e-01 3.233235588423035226e-04
1.225625000000000048e-01 4.074743400584142708e-04
1.250000000000000000e-01 4.763627998700485904e-04
1.275624999999999953e-01 5.157023762821503392e-04
1.302500000000000047e-01 5.176585088393228324e-04
1.330625000000000002e-01 4.841080472289334045e-04
1.360000000000000098e-01 4.254932263097375923e-04
1.390625000000000056e-01 3.561542957830085652e-04
1.422500000000000153e-01 2.891358151313735210e-04
1.455625000000000113e-01 2.331459758022597735e-04
1.490000000000000213e-01 1.924125970892184682e-04
1.525624999999999898e-01 1.681657585124707289e-04
1.562500000000000000e-01 1.578547079898859524e-04
1.600624999999999964e-01 1.591297955730176621e-04
1.640000000000000069e-01 1.719918855361271743e-04
1.680625000000000036e-01 1.986796522675986297e-04
1.722500000000000142e-01 2.442061953492302945e-04
1.765625000000000111e-01 2.862460534472646093e-04
1.809999999999999942e-01 3.894143780576809002e-04
1.855625000000000191e-01 5.490324956925119642e-04
1.902500000000000024e-01 7.918624327825483531e-04
1.950625000000000275e-01 1.150423274403301974e-03
2.000000000000000111e-01 1.653398625759952252e-03
2.050625000000000364e-01 2.310894044210011489e-03
2.102499999999999925e-01 3.128495551280205747e-03
2.155624999999999902e-01 4.101605388937647201e-03
2.210000000000000020e-01 5.208187521141776841e-03
2.265625000000000278e-01 6.408221157218833841e-03
2.322500000000000120e-01 7.646681541189404713e-03
2.380625000000000380e-01 8.859990098730051791e-03
2.439999999999999947e-01 9.984882424542417326e-03
2.500624999999999654e-01 1.005676979286793810e-02
2.562499999999999778e-01 1.080052353937620800e-02
2.625625000000000320e-01 1.137047775477777536e-02
2.690000000000000169e-01 1.177712656629054805e-02
2.755625000000000435e-01 1.205173418333970597e-02
2.822500000000000009e-01 1.224301640107934054e-02
2.890625000000000000e-01 1.241378326295304417e-02
2.960000000000000409e-01 1.263941407965040592e-02
3.030625000000000124e-01 1.300870127173456119e-02
3.102500000000000258e-01 1.358284771489490228e-02
3.175624999999999698e-01 1.437894248741142939e-02
3.249999999999999556e-01 1.542476827052891887e-02
3.325624999999999831e-01 1.552355304551782111e-02
3.402500000000000524e-01 1.701973064246384976e-02
3.480625000000000524e-01 1.882276263962859991e-02
3.559999999999999831e-01 2.096233769476741129e-02
3.640625000000000666e-01 2.346364834655492379e-02
3.722500000000000808e-01 2.634138399100050681e-02
3.805625000000000258e-01 2.959150844454316864e-02
3.890000000000000124e-01 3.318076320177180266e-02
3.975625000000000409e-01 3.705534104427714998e-02
4.062500000000001110e-01 3.844717582055968974e-02
4.150625000000000009e-01 4.228148006325813113e-02
4.239999999999999325e-01 4.614942104505544151e-02
4.330624999999999059e-01 5.002472637134779826e-02
4.422500000000000320e-01 5.389052200804028692e-02
4.515624999999999778e-01 5.774204128332283137e-02
4.609999999999999654e-01 6.158914598795404288e-02
4.705624999999999947e-01 6.549913216733659060e-02
4.802500000000000657e-01 6.551409482460791855e-02
4.900625000000000675e-01 6.940757139516236240e-02
5.000000000000001110e-01 7.352564343960293902e-02
5.100625000000000853e-01 7.796489105882098425e-02
5.202500000000001013e-01 8.275719411535262249e-02
5.305625000000000480e-01 8.791330382037856883e-02
5.409999999999999254e-01 9.344019063868272412e-02
5.515624999999999556e-01 9.434323923806196832e-02
5.622499999999999165e-01 1.003665371243586124e-01
5.730625000000000302e-01 1.067387127238085959e-01
5.839999999999999636e-01 1.134399089893908530e-01
5.950625000000000497e-01 1.204392151561587410e-01
6.062500000000000666e-01 1.276942474012393303e-01
6.175625000000000142e-01 1.351764834294812145e-01
6.290000000000000036e-01 1.364140732430297598e-01
6.405625000000000346e-01 1.440712417514602162e-01
6.522500000000001075e-01 1.519317290018605549e-01
6.640625000000000000e-01 1.599869078480672391e-01
6.759999999999999343e-01 1.682284385331578036e-01
6.880624999999999103e-01 1.766485853821730123e-01
7.002499999999999281e-01 1.775909844493132883e-01
7.125624999999999876e-01 1.861337310225746888e-01
7.249999999999999778e-01 1.948517398164373582e-01
7.375625000000000098e-01 2.037452015306558950e-01
7.502499999999999725e-01 2.128169474257173011e-01
7.630624999999999769e-01 2.220729148481850324e-01
7.760000000000000231e-01 2.227944624186453115e-01
7.890625000000000000e-01 2.322791667878552624e-01
8.022500000000000187e-01 2.420055284079977442e-01
8.155624999999999680e-01 2.519891106397740832e-01
8.290000000000000702e-01 2.622245979013788086e-01
8.425625000000001030e-01 2.727017806257769905e-01
8.562500000000000666e-01 2.736800712246664768e-01
8.700625000000000719e-01 2.844767064785349020e-01
8.840000000000001190e-01 2.954973483965514514e-01
8.980625000000002078e-01 3.067274013818147571e-01
9.122500000000001164e-01 3.181502961208264035e-01
9.265625000000000666e-01 3.192114353776381308e-01
9.409999999999999476e-01 3.308831379809785145e-01
9.555624999999998703e-01 3.427176052575583443e-01
9.702499999999999458e-01 3.546938396933302928e-01
9.850624999999999520e-01 3.667888210624003498e-01
9.999999999999998890e-01 3.793183416045571299e-01
1.015062499999999979e+00 3.799611808176394656e-01
1.030250000000000110e+00 3.923192702275679622e-01
1.045562499999999950e+00 4.047826504418173821e-01
1.061000000000000165e+00 4.173301286129620924e-01
1.076562500000000089e+00 4.180791629078262073e-01
1.092250000000000165e+00 4.307871516879309692e-01
1.108062500000000172e+00 4.435525371045462295e-01
1.124000000000000110e+00 4.563524729885992670e-01
1.140062500000000201e+00 4.691628288664010937e-01
1.156250000000000222e+00 4.696682062555544990e-01
1.172562500000000174e+00 4.825798733731566093e-01
1.189000000000000279e+00 4.954787311286179552e-01
1.205562500000000092e+00 5.083412278748541402e-01
1.222250000000000281e+00 5.216539684925662890e-01
1.239062500000000178e+00 5.213497024753379616e-01
1.256000000000000227e+00 5.342214544491815653e-01
1.273062500000000208e+00 5.470173756155655154e-01
1.290250000000000341e+00 5.597098140188976334e-01
1.307562500000000405e+00 5.594677314475769991e-01
1.325000000000000400e+00 5.721913939256001447e-01
1.342562499999999881e+00 5.847900864543447152e-01
1.360250000000000181e+00 5.972369767746397162e-01
1.378062499999999968e+00 5.965039946998368370e-01
1.395999999999999908e+00 6.089520153836607275e-01
1.414062500000000000e+00 6.212353173661715466e-01
1.432249999999999801e+00 6.333293698485471523e-01
1.450562499999999977e+00 6.321143077679898248e-01
1.469000000000000083e+00 6.442081656459104355e-01
1.487562500000000121e+00 6.561120003513882804e-01
1.506250000000000089e+00 6.678046697654025365e-01
1.525062500000000210e+00 6.661785580065406887e-01
1.544000000000000039e+00 6.778825380522869315e-01
1.563062500000000021e+00 6.893550462650156474e-01
1.582250000000000156e+00 7.005619760448608124e-01
1.601562500000000222e+00 6.985145251720393800e-01
1.621000000000000218e+00 7.096783436030001946e-01
1.640562500000000146e+00 7.205493780755807265e-01
1.660250000000000448e+00 7.310928488490194832e-01
1.680062500000000236e+00 7.285741501572515766e-01
1.700000000000000400e+00 7.390292551204260540e-01
1.720062500000000272e+00 7.491332402958793546e-01
1.740250000000000519e+00 7.588512594593279648e-01
1.760562500000000252e+00 7.558412352635945908e-01
1.781000000000000361e+00 7.654399778281860689e-01
1.801562500000000400e+00 7.746347185448523298e-01
1.822250000000000369e+00 7.842826399252036396e-01
1.843062500000000048e+00 7.799059775474926903e-01
1.863999999999999879e+00 7.885306777793514854e-01
1.885062499999999863e+00 7.967061538417156141e-01
1.906250000000000000e+00 7.924713920996850902e-01
1.927562499999999845e+00 8.004967076387837777e-01
1.948999999999999844e+00 8.080674623070049911e-01
1.970562500000000217e+00 8.161038367965819385e-01
1.992250000000000076e+00 8.105440409624661280e-01
2.014062500000000089e+00 8.175073963738777039e-01
2.036000000000000032e+00 8.240123540336242725e-01
2.058062500000000128e+00 8.188465272631634262e-01
2.080249999999999932e+00 8.253623066993139856e-01
2.102562499999999890e+00 8.314646167553765288e-01
2.125000000000000444e+00 8.259108710715591384e-01
2.147562500000000263e+00 8.320099847260907788e-01
2.170250000000000234e+00 8.376805826293090007e-01
2.193062500000000359e+00 8.428874006846980294e-01
2.216000000000000192e+00 8.373794011135485826e-01
2.239062500000000178e+00 8.425755396334468905e-01
2.262250000000000316e+00 8.472947232275999108e-01
2.285562500000000608e+00 8.413959010254059567e-01
2.309000000000000608e+00 8.460808447297600843e-01
2.332562500000000316e+00 8.502770363024853006e-01
2.356250000000000178e+00 8.440024879224314880e-01
2.380062500000000192e+00 8.481461371035644570e-01
2.403999999999999915e+00 8.517909090442389308e-01
2.428062499999999790e+00 8.451614493785044591e-01
2.452249999999999819e+00 8.487408674049347068e-01
2.476562500000000000e+00 8.518131967423372419e-01
2.500999999999999890e+00 8.448556400132620769e-01
2.525562499999999932e+00 8.478554607244168650e-01
2.550250000000000128e+00 8.503420769800197343e-01
2.575062500000000032e+00 8.430893740564706640e-01
2.600000000000000089e+00 8.455020705782771984e-01
2.625062500000000743e+00 8.473976594548857655e-01
2.650250000000000217e+00 8.398888944823736935e-01
2.675562500000000288e+00 8.417148964559966196e-01
2.701000000000000068e+00 8.430221479777770810e-01
2.726562500000000000e+00 8.353024021324945148e-01
2.752250000000000085e+00 8.365500545913818753e-01
2.778062499999999879e+00 8.372795507648540525e-01
2.804000000000000270e+00 8.293996467245365878e-01
2.830062499999999481e+00 8.300850104527347506e-01
2.856250000000000178e+00 8.302549541916186548e-01
2.882562500000000139e+00 8.222711004578928673e-01
2.909000000000000252e+00 8.224176002810935637e-01
2.935562499999999631e+00 8.220533938821479314e-01
2.962250000000000050e+00 8.140267539349104187e-01
2.989062499999999734e+00 8.136646877044055870e-01
3.016000000000000458e+00 8.127981945701233668e-01
3.043062500000000004e+00 8.047911039365086561e-01
3.070250000000000590e+00 8.039453925224017139e-01
3.097562499999999996e+00 8.036458679903870639e-01
3.125000000000000444e+00 7.946345894144353217e-01
3.152562500000000156e+00 7.933019626117706613e-01
3.180250000000000465e+00 7.849046825103136449e-01
3.208062500000000039e+00 7.835748298209385121e-01
3.236000000000000654e+00 7.817531096391847623e-01
3.264062500000000089e+00 7.734486645424071272e-01
3.292250000000001009e+00 7.716367471788545540e-01
3.320562499999999861e+00 7.703538425068893192e-01
3.349000000000000643e+00 7.611447492746284960e-01
3.377562500000000245e+00 7.588545100966828105e-01
3.406250000000000444e+00 7.503168322067612639e-01
3.435062500000000352e+00 7.480328483996288025e-01
3.463999999999999968e+00 7.452709419752761022e-01
3.493062500000000181e+00 7.369030996505878672e-01
3.522249999999999659e+00 7.341611035184394396e-01
3.551562500000000622e+00 7.255045815990723845e-01
3.580999999999999961e+00 7.227736193677669618e-01
3.610562500000000341e+00 7.195850643410248715e-01
3.640249999999999986e+00 7.111489216578341654e-01
3.670062500000000227e+00 7.079883825499827532e-01
3.699999999999999734e+00 7.053289675918607005e-01
3.730062500000000281e+00 6.961880539880664909e-01
3.760250000000000092e+00 6.926132319844841012e-01
3.790562500000000501e+00 6.842237295363244876e-01
3.821000000000000174e+00 6.806912397747887367e-01
3.851562500000000888e+00 6.721335633143993293e-01
3.882249999999999979e+00 6.686409368918649898e-01
3.913062500000000998e+00 6.647318103703083736e-01
3.944000000000000394e+00 6.565008754118064616e-01
3.975062500000000387e+00 6.526531538734412496e-01
4.006249999999999645e+00 6.443080968246031048e-01
4.037562500000000831e+00 6.405207291006335124e-01
4.068999999999999950e+00 6.363336485914731222e-01
4.100562500000000554e+00 6.283599176849080648e-01
4.132249999999999979e+00 6.242429880184277025e-01
4.164062500000000000e+00 6.161865373481446584e-01
4.195999999999999730e+00 6.121311206974008323e-01
4.228062499999999169e+00 6.040153773422624051e-01
4.260250000000000092e+00 6.000142435471204072e-01
4.292562499999998948e+00 5.956357747784403189e-01
4.325000000000000178e+00 5.879077050781610358e-01
4.357562499999999339e+00 5.835928149175624302e-01
4.390249999999999986e+00 5.758261123672564485e-01
4.423062499999999453e+00 5.715690953759285931e-01
4.456000000000000405e+00 5.637834154887544358e-01
4.489062499999999289e+00 5.595796429868913346e-01
4.522249999999999659e+00 5.558023992498906107e-01
4.555562499999999737e+00 5.476387721148554544e-01
4.589000000000000412e+00 5.431412190944707730e-01
4.622562499999999019e+00 5.357601475677555847e-01
4.656250000000000000e+00 5.313227644350455581e-01
4.690062499999999801e+00 5.239568331981394600e-01
4.724000000000000199e+00 5.195768591264448011e-01
4.758062499999999417e+00 5.122413288948639565e-01
4.792250000000000121e+00 5.079167143849102617e-01
4.826562499999999645e+00 5.006255981408761491e-01
4.861000000000000654e+00 4.963549166055370998e-01
4.895562499999999595e+00 4.924720188898432660e-01
4.930250000000000909e+00 4.849034553898965427e-01
4.965062500000000156e+00 4.803829017739862373e-01
5.000000000000000888e+00 4.735737448199739963e-01
5.035062500000000441e+00 4.691169509200028287e-01
5.070249999999998813e+00 4.623756471268055113e-01
5.105562499999999559e+00 4.579799511646501786e-01
5.141000000000000014e+00 4.513146151755566549e-01
5.176562500000000178e+00 4.469769820700872920e-01
5.212249999999999162e+00 4.403948667398644989e-01
5.248062499999999631e+00 4.361127237866848083e-01
5.283999999999998920e+00 4.296204146992456119e-01
5.320062499999999694e+00 4.253916005699985847e-01
5.356249999999999289e+00 4.189950751879372715e-01
5.392562500000000369e+00 4.148177932048175420e-01
5.428999999999998494e+00 4.085224727999482441e-01
5.465562500000000767e+00 4.043952479822186530e-01
5.502249999999999197e+00 3.982060431347011487e-01
5.539062500000000000e+00 3.941276826591370019e-01
5.575999999999999623e+00 3.880490336263017759e-01
5.613062500000000732e+00 3.840185903255559641e-01
5.650249999999999773e+00 3.780545025214176458e-01
5.687562500000000298e+00 3.740712411397031922e-01
5.724999999999999645e+00 3.703869232022063418e-01
5.762562500000001364e+00 3.642886829545812222e-01
5.800250000000000128e+00 3.585641502829752247e-01
5.838062500000000377e+00 3.546737407180872714e-01
5.875999999999999446e+00 3.490734783239860528e-01
5.914062500000000888e+00 3.452290152125698230e-01
5.952249999999999375e+00 3.397555759752277638e-01
5.990562500000000234e+00 3.359568811737023153e-01
6.028999999999999915e+00 3.306124843068085628e-01
6.067562499999999304e+00 3.268591206866722221e-01
6.106250000000000178e+00 3.216447561979056680e-01
6.145062499999998984e+00 3.179352324393750484e-01
6.184000000000000163e+00 3.128510892404733901e-01
6.223062499999999275e+00 3.091839243603246579e-01
6.262249999999999872e+00 3.042300592944822135e-01
6.301562499999999289e+00 3.006038968462603767e-01
6.341000000000001080e+00 2.957802484198879256e-01
6.380562499999999915e+00 2.921938388425779354e-01
6.420250000000000234e+00 2.875002387463846398e-01
6.460062499999999375e+00 2.839524226154651609e-01
6.500000000000000888e+00 2.793886063183768087e-01
6.540062499999999446e+00 2.758782983693168211e-01
6.580250000000000377e+00 2.714439146999960140e-01
6.620562500000000128e+00 2.683672391948049851e-01
6.661000000000001364e+00 2.636647088514742499e-01
6.701562499999999645e+00 2.592814168585474421e-01
6.742250000000000298e+00 2.560495087891129784e-01
6.783062499999999773e+00 2.517967967730355139e-01
6.824000000000000732e+00 2.485968034034320151e-01
6.865062499999999623e+00 2.444738215641726886e-01
6.906250000000000888e+00 2.413050445317078962e-01
6.947562500000000085e+00 2.373109028101338669e-01
6.989000000000000767e+00 2.341726407920304842e-01
7.030562500000000270e+00 2.303064056176837848e-01
7.072249999999999481e+00 2.275369117486525927e-01
7.114062499999999289e+00 2.234582136647216277e-01
7.155999999999998806e+00 2.196665815973175284e-01
7.198062500000000696e+00 2.167635918095232039e-01
7.240249999999998742e+00 2.130972147721313381e-01
7.282562500000000050e+00 2.102197948232694125e-01
7.324999999999999289e+00 2.066770318948795149e-01
7.367562500000000902e+00 2.038241085110006345e-01
7.410249999999998671e+00 2.004033576315257248e-01
7.453062499999999702e+00 1.969454811478180412e-01
7.495999999999998664e+00 1.942735435609586614e-01
7.539062500000000888e+00 1.909355280625824047e-01
7.582250000000000156e+00 1.882849603807383587e-01
7.625562500000000021e+00 1.850651540256364191e-01
7.668999999999999595e+00 1.824349903137234274e-01
7.712562500000000654e+00 1.793317911526499664e-01
7.756249999999999645e+00 1.762016959709520325e-01
7.800062500000001009e+00 1.737328790589618421e-01
7.843999999999999417e+00 1.707167411477284180e-01
7.888062500000001087e+00 1.682658576029218978e-01
7.932249999999999801e+00 1.653620702854114999e-01
7.976562500000001776e+00 1.624395732740182563e-01
8.021000000000000796e+00 1.601351734940506810e-01
8.065562500000000412e+00 1.573220613089001130e-01
8.110249999999998849e+00 1.550333203348660815e-01
8.155062499999999659e+00 1.523277238948371748e-01
8.200000000000001066e+00 1.496092638776018446e-01
8.245062499999999517e+00 1.474534650865780006e-01
8.290250000000000341e+00 1.448389852471439754e-01
8.335562499999999986e+00 1.426962281930629906e-01
8.381000000000000227e+00 1.401839320376530862e-01
8.426562499999999289e+00 1.376629604763787429e-01
8.472250000000000725e+00 1.356411773762787876e-01
8.518062499999999204e+00 1.332188689649566327e-01
8.564000000000000057e+00 1.312078207096828153e-01
8.610062499999999730e+00 1.288825088720140788e-01
8.656250000000000000e+00 1.265515183419425316e-01
8.702562499999999091e+00 1.246510946031615386e-01
8.749000000000000554e+00 1.224136355964643985e-01
8.795562500000000838e+00 1.207047553136371826e-01
8.842250000000001720e+00 1.183763920307163292e-01
8.889062499999999645e+00 1.162273081243764272e-01
8.936000000000001720e+00 1.144371141901236455e-01
8.983062499999999062e+00 1.123766480302779425e-01
9.030250000000000554e+00 1.103157883916333071e-01
9.077562500000000867e+00 1.086198845299790189e-01
9.125000000000000000e+00 1.066443280499882740e-01
9.172562499999999730e+00 1.051142790949580186e-01
9.220250000000000057e+00 1.030628489898381545e-01
9.268062500000000981e+00 1.011715993690001369e-01
9.315999999999998948e+00 9.956886149826262022e-02
9.364062500000001066e+00 9.775838151642039786e-02
9.412249999999998451e+00 9.595040241410560111e-02
9.460562499999999986e+00 9.442893792124834595e-02
9.508999999999998565e+00 9.269861479068398913e-02
9.557562500000001293e+00 9.097252058235680283e-02
9.606249999999999289e+00 8.952699393551022400e-02
9.655062500000001435e+00 8.787552585896961366e-02
9.703999999999998849e+00 8.622965285214741205e-02
9.753062500000000412e+00 8.485519587630512006e-02
9.802249999999999019e+00 8.328100642826040401e-02
9.851562500000000000e+00 8.171347174132179147e-02
9.900999999999999801e+00 8.040562391045052992e-02
9.950562500000000199e+00 7.890692057375175983e-02
1.000024999999999942e+01 7.741567195841612958e-02
1.005006250000000101e+01 7.617031605808592676e-02
1.009999999999999964e+01 7.474504881107364718e-02
