# Energy [MeV] 	-	 Rate [MeV^-1 s^-1]
1.000000000000000056e-01 8.297046144752079098e-07
1.000624999999999987e-01 8.007333181422608408e-07
1.002500000000000058e-01 8.987195757591376455e-07
1.005624999999999991e-01 1.086637560740339391e-06
1.010000000000000064e-01 1.410057053653192017e-06
1.015625000000000000e-01 1.953568988964174610e-06
1.022500000000000075e-01 2.870948569152458955e-06
1.030625000000000013e-01 4.440699314835190950e-06
1.040000000000000091e-01 7.165487187049596792e-06
1.050625000000000031e-01 1.194334703175156185e-05
1.062500000000000111e-01 2.034521635261053252e-05
1.075625000000000053e-01 3.502358957625673216e-05
1.089999999999999997e-01 6.022226450514469578e-05
1.105625000000000080e-01 1.022164975175454704e-04
1.122500000000000026e-01 1.692655666872561074e-04
1.140625000000000111e-01 2.703873094392283353e-04
1.160000000000000059e-01 4.122528970639220561e-04
1.180625000000000147e-01 5.942058379612664499e-04
1.202499999999999958e-01 8.030476465888833305e-04
1.225625000000000048e-01 1.011054439276755108e-03
1.250000000000000000e-01 1.180780511026859915e-03
1.275624999999999953e-01 1.276954421253721425e-03
1.302500000000000047e-01 1.280423081412699650e-03
1.330625000000000002e-01 1.196124280100300391e-03
1.360000000000000098e-01 1.050126259861035652e-03
1.390625000000000056e-01 8.779986999444000257e-04
1.422500000000000153e-01 7.119627239589320939e-04
1.455625000000000113e-01 5.734250808544218104e-04
1.490000000000000213e-01 4.726832080504775086e-04
1.525624999999999898e-01 4.126267846186898740e-04
1.562500000000000000e-01 3.868623832900059322e-04
1.600624999999999964e-01 3.895167711668175940e-04
1.640000000000000069e-01 4.204897858064014131e-04
1.680625000000000036e-01 4.851447933895754617e-04
1.722500000000000142e-01 5.953567040291977974e-04
1.765625000000000111e-01 7.305192811695827371e-04
1.809999999999999942e-01 9.925944815860317585e-04
1.855625000000000191e-01 1.397739534950109223e-03
1.902500000000000024e-01 2.013479538515237054e-03
1.950625000000000275e-01 2.921632949663754281e-03
2.000000000000000111e-01 4.193894867228722088e-03
2.050625000000000364e-01 5.854551220168367417e-03
2.102499999999999925e-01 7.916341036660320962e-03
2.155624999999999902e-01 1.036621131244435702e-02
2.210000000000000020e-01 1.314715900943073425e-02
2.265625000000000278e-01 1.615711448549020726e-02
2.322500000000000120e-01 1.925671324468468393e-02
2.380625000000000380e-01 2.228573684202996008e-02
2.439999999999999947e-01 2.508551044263884755e-02
2.500624999999999654e-01 2.631264747921113756e-02
2.562499999999999778e-01 2.822651621173241296e-02
2.625625000000000320e-01 2.968253903759010201e-02
2.690000000000000169e-01 3.070964644858479448e-02
2.755625000000000435e-01 3.139071810208302060e-02
2.822500000000000009e-01 3.185365335739579612e-02
2.890625000000000000e-01 3.226240393149608365e-02
2.960000000000000409e-01 3.281282470267433971e-02
3.030625000000000124e-01 3.373469513100887246e-02
3.102500000000000258e-01 3.518532646942753445e-02
3.175624999999999698e-01 3.720719910575129991e-02
3.249999999999999556e-01 3.984991850631242061e-02
3.325624999999999831e-01 4.158605430526959856e-02
3.402500000000000524e-01 4.554805228212667478e-02
3.480625000000000524e-01 5.032267761738654088e-02
3.559999999999999831e-01 5.598680695307980959e-02
3.640625000000000666e-01 6.260501691137382307e-02
3.722500000000000808e-01 7.021362715872427052e-02
3.805625000000000258e-01 7.879893631522970343e-02
3.890000000000000124e-01 8.826953414195023995e-02
3.975625000000000409e-01 9.842405754184213595e-02
4.062500000000001110e-01 1.054335585461227409e-01
4.150625000000000009e-01 1.158425648310104084e-01
4.239999999999999325e-01 1.263251455844390525e-01
4.330624999999999059e-01 1.368092503923383219e-01
4.422500000000000320e-01 1.472487276268794332e-01
4.515624999999999778e-01 1.576305997845162954e-01
4.609999999999999654e-01 1.679817884548055473e-01
4.705624999999999947e-01 1.783754638311391971e-01
4.802500000000000657e-01 1.835181007936944608e-01
4.900625000000000675e-01 1.942636745894571471e-01
5.000000000000001110e-01 2.056201709782936593e-01
5.100625000000000853e-01 2.178558688146315370e-01
5.202500000000001013e-01 2.310574876041735504e-01
5.305625000000000480e-01 2.452524761051137758e-01
5.409999999999999254e-01 2.604576006093260454e-01
5.515624999999999556e-01 2.694555382946670075e-01
5.622499999999999165e-01 2.864427695387785078e-01
5.730625000000000302e-01 3.044002074569529537e-01
5.839999999999999636e-01 3.232689960296966647e-01
5.950625000000000497e-01 3.429589312586896477e-01
6.062500000000000666e-01 3.633473758820090493e-01
6.175625000000000142e-01 3.843514067756650388e-01
6.290000000000000036e-01 3.963529837815877310e-01
6.405625000000000346e-01 4.183139110893108192e-01
6.522500000000001075e-01 4.408359635847635127e-01
6.640625000000000000e-01 4.638928949009175629e-01
6.759999999999999343e-01 4.874593146457221748e-01
6.880624999999999103e-01 5.115115996019959921e-01
7.002499999999999281e-01 5.242603777278450616e-01
7.125624999999999876e-01 5.491350070031086883e-01
7.249999999999999778e-01 5.744974460686973483e-01
7.375625000000000098e-01 6.003473704750030837e-01
7.502499999999999725e-01 6.266922044334714004e-01
7.630624999999999769e-01 6.535484686389572140e-01
7.760000000000000231e-01 6.671238622306256971e-01
7.890625000000000000e-01 6.951278505879544545e-01
8.022500000000000187e-01 7.238262663104881867e-01
8.155624999999999680e-01 7.532646739216565246e-01
8.290000000000000702e-01 7.834261685024086486e-01
8.425625000000001030e-01 8.142792866588298706e-01
8.562500000000000666e-01 8.300632960170230001e-01
8.700625000000000719e-01 8.623642577249900354e-01
8.840000000000001190e-01 8.953162140406963898e-01
8.980625000000002078e-01 9.288745204345284501e-01
9.122500000000001164e-01 9.629887074579204231e-01
9.265625000000000666e-01 9.799480073573392236e-01
9.409999999999999476e-01 1.015302249869517226e+00
9.555624999999998703e-01 1.051130751765008364e+00
9.702499999999999458e-01 1.087369440436846579e+00
9.850624999999999520e-01 1.123948268037100240e+00
9.999999999999998890e-01 1.160791296762430092e+00
1.015062499999999979e+00 1.178856181835415518e+00
1.030250000000000110e+00 1.216692735766111921e+00
1.045562499999999950e+00 1.254836544829235789e+00
1.061000000000000165e+00 1.293223160978191899e+00
1.076562500000000089e+00 1.310808104849465083e+00
1.092250000000000165e+00 1.350137142126737855e+00
1.108062500000000172e+00 1.389631698999103548e+00
1.124000000000000110e+00 1.429222081039528192e+00
1.140062500000000201e+00 1.468834909029104629e+00
1.156250000000000222e+00 1.486264961365296733e+00
1.172562500000000174e+00 1.526609761427933032e+00
1.189000000000000279e+00 1.566907652567165021e+00
1.205562500000000092e+00 1.607086985538170865e+00
1.222250000000000281e+00 1.647073870389156758e+00
1.239062500000000178e+00 1.664014750028009137e+00
1.256000000000000227e+00 1.704601654909837727e+00
1.273062500000000208e+00 1.744950122237331813e+00
1.290250000000000341e+00 1.784975805779396074e+00
1.307562500000000405e+00 1.800443148338497501e+00
1.325000000000000400e+00 1.840910327240462330e+00
1.342562499999999881e+00 1.880986557678198556e+00
1.360250000000000181e+00 1.920590059076970890e+00
1.378062499999999968e+00 1.934357641865002142e+00
1.395999999999999908e+00 1.974269930696493702e+00
1.414062500000000000e+00 2.013667406507418267e+00
1.432249999999999801e+00 2.052475726342363860e+00
1.450562499999999977e+00 2.064482445803947908e+00
1.469000000000000083e+00 2.103559851658822755e+00
1.487562500000000121e+00 2.142044553259115691e+00
1.506250000000000089e+00 2.179873341527779562e+00
1.525062500000000210e+00 2.190270070115636347e+00
1.544000000000000039e+00 2.228372141002661788e+00
1.563062500000000021e+00 2.265750169004665082e+00
1.582250000000000156e+00 2.302298589346142510e+00
1.601562500000000222e+00 2.310978757387836868e+00
1.621000000000000218e+00 2.347587841535409670e+00
1.640562500000000146e+00 2.383275035691136967e+00
1.660250000000000448e+00 2.417932594778135602e+00
1.680062500000000236e+00 2.424654117176794355e+00
1.700000000000000400e+00 2.459186890814422988e+00
1.720062500000000272e+00 2.492608353595041848e+00
1.740250000000000519e+00 2.524810616388647677e+00
1.760562500000000252e+00 2.529425496160242037e+00
1.781000000000000361e+00 2.561363136443570721e+00
1.801562500000000400e+00 2.592017051821896789e+00
1.822250000000000369e+00 2.621281737197723061e+00
1.843062500000000048e+00 2.623762223609141131e+00
1.863999999999999879e+00 2.652682836503645447e+00
1.885062499999999863e+00 2.680172145581169119e+00
1.906250000000000000e+00 2.679530266656255044e+00
1.927562499999999845e+00 2.706591751412719571e+00
1.948999999999999844e+00 2.732199093878290963e+00
1.970562500000000217e+00 2.756259465701560440e+00
1.992250000000000076e+00 2.753713690242685974e+00
2.014062500000000089e+00 2.777404938863551109e+00
2.036000000000000032e+00 2.799633917337207567e+00
2.058062500000000128e+00 2.794580198544684979e+00
2.080249999999999932e+00 2.816877907094150757e+00
2.102562499999999890e+00 2.837862321524796005e+00
2.125000000000000444e+00 2.830879213975086905e+00
2.147562500000000263e+00 2.851873165252154507e+00
2.170250000000000234e+00 2.871498925543169989e+00
2.193062500000000359e+00 2.889646146330961063e+00
2.216000000000000192e+00 2.882125629325326344e+00
2.239062500000000178e+00 2.900231672944264982e+00
2.262250000000000316e+00 2.916810120012518048e+00
2.285562500000000608e+00 2.907355314877293040e+00
2.309000000000000608e+00 2.923800863996987687e+00
2.332562500000000316e+00 2.938674481240127978e+00
2.356250000000000178e+00 2.927341203593508023e+00
2.380062500000000192e+00 2.942008241287874082e+00
2.403999999999999915e+00 2.955064805065033440e+00
2.428062499999999790e+00 2.941928252064757388e+00
2.452249999999999819e+00 2.954723671994955225e+00
2.476562500000000000e+00 2.965876770676703966e+00
2.500999999999999890e+00 2.951033147431409986e+00
2.525562499999999932e+00 2.961890489034424867e+00
2.550250000000000128e+00 2.971081061065694140e+00
2.575062500000000032e+00 2.954648629609701871e+00
2.600000000000000089e+00 2.963529326837694988e+00
2.625062500000000743e+00 2.970726689975990098e+00
2.650250000000000217e+00 2.952846247872384922e+00
2.675562500000000288e+00 2.959740339048996471e+00
2.701000000000000068e+00 2.964942664204565759e+00
2.726562500000000000e+00 2.945777477837497216e+00
2.752250000000000085e+00 2.950703746420826334e+00
2.778062499999999879e+00 2.953937952606803030e+00
2.804000000000000270e+00 2.933673190476348225e+00
2.830062499999999481e+00 2.936678730454330921e+00
2.856250000000000178e+00 2.937999801682115830e+00
2.882562500000000139e+00 2.916841534522956358e+00
2.909000000000000252e+00 2.918000758628381597e+00
2.935562499999999631e+00 2.917490507918562237e+00
2.962250000000000050e+00 2.895664363825955157e+00
2.989062499999999734e+00 2.895077496514540272e+00
3.016000000000000458e+00 2.892842182245999538e+00
3.043062500000000004e+00 2.870579968793292025e+00
3.070250000000000590e+00 2.868329561811517880e+00
3.097562499999999996e+00 2.864410695373377447e+00
3.125000000000000444e+00 2.841838220712134433e+00
3.152562500000000156e+00 2.837907232194715412e+00
3.180250000000000465e+00 2.813508894198747612e+00
3.208062500000000039e+00 2.809502207545691910e+00
3.236000000000000654e+00 2.803877878508156396e+00
3.264062500000000089e+00 2.779341038391073937e+00
3.292250000000001009e+00 2.773661801117210501e+00
3.320562499999999861e+00 2.766344261391384229e+00
3.349000000000000643e+00 2.741783593188234391e+00
3.377562500000000245e+00 2.734440940483750193e+00
3.406250000000000444e+00 2.708388722856977182e+00
3.435062500000000352e+00 2.700981748428230578e+00
3.463999999999999968e+00 2.691995846040356355e+00
3.493062500000000181e+00 2.666116532222442270e+00
3.522249999999999659e+00 2.657111640549894904e+00
3.551562500000000622e+00 2.629990906596791689e+00
3.580999999999999961e+00 2.620942009568929532e+00
3.610562500000000341e+00 2.610377657448093469e+00
3.640249999999999986e+00 2.583636927314243437e+00
3.670062500000000227e+00 2.573086546016288167e+00
3.699999999999999734e+00 2.561009948536597580e+00
3.730062500000000281e+00 2.534792864893641973e+00
3.760250000000000092e+00 2.522794494850683744e+00
3.790562500000000501e+00 2.495645249004865285e+00
3.821000000000000174e+00 2.483716525349395354e+00
3.851562500000000888e+00 2.455787887968282845e+00
3.882249999999999979e+00 2.443926221048444258e+00
3.913062500000000998e+00 2.430682448307183385e+00
3.944000000000000394e+00 2.403569548867890759e+00
3.975062500000000387e+00 2.390468842856046550e+00
4.006249999999999645e+00 2.362787826395874369e+00
4.037562500000000831e+00 2.349832570094811057e+00
4.068999999999999950e+00 2.335550448229172016e+00
4.100562500000000554e+00 2.308872383204148448e+00
4.132249999999999979e+00 2.294769255030235211e+00
4.164062500000000000e+00 2.267652340585184501e+00
4.195999999999999730e+00 2.253702318531499937e+00
4.228062499999999169e+00 2.226232946669023161e+00
4.260250000000000092e+00 2.212414727680309667e+00
4.292562499999998948e+00 2.197339100550354640e+00
4.325000000000000178e+00 2.170968706714175855e+00
4.357562499999999339e+00 2.156056814417126599e+00
4.390249999999999986e+00 2.129423952774709417e+00
4.423062499999999453e+00 2.114659720143991617e+00
4.456000000000000405e+00 2.087837900613438880e+00
4.489062499999999289e+00 2.073208782052501586e+00
4.522249999999999659e+00 2.057385539881628311e+00
4.555562499999999737e+00 2.031762518874872026e+00
4.589000000000000412e+00 2.016110443088121151e+00
4.622562499999999019e+00 1.990377194743306211e+00
4.656250000000000000e+00 1.974888025406743131e+00
4.690062499999999801e+00 1.949106963780537161e+00
4.724000000000000199e+00 1.933774487003020681e+00
4.758062499999999417e+00 1.908003976743553043e+00
4.792250000000000121e+00 1.892824316197840195e+00
4.826562499999999645e+00 1.867118456992345132e+00
4.861000000000000654e+00 1.852089784645807313e+00
4.895562499999999595e+00 1.836006276611747978e+00
4.930250000000000909e+00 1.811621023508833694e+00
4.965062500000000156e+00 1.795727033942230877e+00
5.000000000000000888e+00 1.771466077578431442e+00
5.035062500000000441e+00 1.755761342206227260e+00
5.070249999999998813e+00 1.731667226859200159e+00
5.105562499999999559e+00 1.716144980848739454e+00
5.141000000000000014e+00 1.692250230378005149e+00
5.176562500000000178e+00 1.676902075171582851e+00
5.212249999999999162e+00 1.653236140988700642e+00
5.248062499999999631e+00 1.638055193063885362e+00
5.283999999999998920e+00 1.614645149968647830e+00
5.320062499999999694e+00 1.599625873901853845e+00
5.356249999999999289e+00 1.576496613990220563e+00
5.392562500000000369e+00 1.561634668624720224e+00
5.428999999999998494e+00 1.538809072025270952e+00
5.465562500000000767e+00 1.524101168245773685e+00
5.502249999999999197e+00 1.501600253016849740e+00
5.539062500000000000e+00 1.487044022093428230e+00
5.575999999999999623e+00 1.464887077289368733e+00
5.613062500000000732e+00 1.450480948673086079e+00
5.650249999999999773e+00 1.428685652342799983e+00
5.687562500000000298e+00 1.414428740101166149e+00
5.724999999999999645e+00 1.399357292533548014e+00
5.762562500000001364e+00 1.378903261744621522e+00
5.800250000000000128e+00 1.357878368381961298e+00
5.838062500000000377e+00 1.343919448543663187e+00
5.875999999999999446e+00 1.323300573208391562e+00
5.914062500000000888e+00 1.309491298750120380e+00
5.952249999999999375e+00 1.289290629658929044e+00
5.990562500000000234e+00 1.275631866219666177e+00
6.028999999999999915e+00 1.255860304792646653e+00
6.067562499999999304e+00 1.242351865566550861e+00
6.106250000000000178e+00 1.223015613130260970e+00
6.145062499999998984e+00 1.209653232801566780e+00
6.184000000000000163e+00 1.190755395163043628e+00
6.223062499999999275e+00 1.177534770146955179e+00
6.262249999999999872e+00 1.159077892480552041e+00
6.301562499999999289e+00 1.145995122116373999e+00
6.341000000000001080e+00 1.127981239047957551e+00
6.380562499999999915e+00 1.115032765783938506e+00
6.420250000000000234e+00 1.097463443136541095e+00
6.460062499999999375e+00 1.084645995546288599e+00
6.500000000000000888e+00 1.067522368848653702e+00
6.540062499999999446e+00 1.054832907069580328e+00
6.580250000000000377e+00 1.038155717186215465e+00
6.620562500000000128e+00 1.025591695374141299e+00
6.661000000000001364e+00 1.009361006920854731e+00
6.701562499999999645e+00 9.928731068458471754e-01
6.742250000000000298e+00 9.811355553787368677e-01
6.783062499999999773e+00 9.651023665601059509e-01
6.824000000000000732e+00 9.534764593689312173e-01
6.865062499999999623e+00 9.378966832201200976e-01
6.906250000000000888e+00 9.263805761784802417e-01
6.947562500000000085e+00 9.112526878884268378e-01
6.989000000000000767e+00 8.998445048956766890e-01
7.030562500000000270e+00 8.851667402726635103e-01
7.072249999999999481e+00 8.738643646327235448e-01
7.114062499999999289e+00 8.596332602275231771e-01
7.155999999999998806e+00 8.452361489255452165e-01
7.198062500000000696e+00 8.346441942627538246e-01
7.240249999999998742e+00 8.206907984299788295e-01
7.282562500000000050e+00 8.101913557011002354e-01
7.324999999999999289e+00 7.966769956669776942e-01
7.367562500000000902e+00 7.862665882005467344e-01
7.410249999999998671e+00 7.731866567228933285e-01
7.453062499999999702e+00 7.599922441293029962e-01
7.495999999999998664e+00 7.502117179645967360e-01
7.539062500000000888e+00 7.374454900160877235e-01
7.582250000000000156e+00 7.277441112979707860e-01
7.625562500000000021e+00 7.154011348540367798e-01
7.668999999999999595e+00 7.057757395017900670e-01
7.712562500000000654e+00 6.938512000162888604e-01
7.756249999999999645e+00 6.818478221782470206e-01
7.800062500000001009e+00 6.727876678217024065e-01
7.843999999999999417e+00 6.611944631233783731e-01
7.888062500000001087e+00 6.522024575861240514e-01
7.932249999999999801e+00 6.410144596731279787e-01
7.976562500000001776e+00 6.297759041012914727e-01
8.021000000000000796e+00 6.212997956570305291e-01
8.065562500000000412e+00 6.104568796802128938e-01
8.110249999999998849e+00 6.020415443769562280e-01
8.155062499999999659e+00 5.915881493277403980e-01
8.200000000000001066e+00 5.811042425875042605e-01
8.245062499999999517e+00 5.731592406004085705e-01
8.290250000000000341e+00 5.630529629758681542e-01
8.335562499999999986e+00 5.551597809119496185e-01
8.381000000000000227e+00 5.454251583325736563e-01
8.426562499999999289e+00 5.356742653790924624e-01
8.472250000000000725e+00 5.282108432785961316e-01
8.518062499999999204e+00 5.188196414150632041e-01
8.564000000000000057e+00 5.114000908022474645e-01
8.610062499999999730e+00 5.023629819509930483e-01
8.656250000000000000e+00 4.933196931131316187e-01
8.702562499999999091e+00 4.862947035989263478e-01
8.749000000000000554e+00 4.775936244076786075e-01
8.795562500000000838e+00 4.706053774780625254e-01
8.842250000000001720e+00 4.622411647935590340e-01
8.889062499999999645e+00 4.538777101583433282e-01
8.936000000000001720e+00 4.472530410709846804e-01
8.983062499999999062e+00 4.392149063967035194e-01
9.030250000000000554e+00 4.311882984318761713e-01
9.077562500000000867e+00 4.249023589696779846e-01
9.125000000000000000e+00 4.171895594727819123e-01
9.172562499999999730e+00 4.109312049493110131e-01
9.220250000000000057e+00 4.035274652234013826e-01
9.268062500000000981e+00 3.961375730495104719e-01
9.315999999999998948e+00 3.901932775245689489e-01
9.364062500000001066e+00 3.831014103953500616e-01
9.412249999999998451e+00 3.760304528684841330e-01
9.460562499999999986e+00 3.703801225516910600e-01
9.508999999999998565e+00 3.635962546401383944e-01
9.557562500000001293e+00 3.568390058972267243e-01
9.606249999999999289e+00 3.514642175334198315e-01
9.655062500000001435e+00 3.449833734405887697e-01
9.703999999999998849e+00 3.385336027186035546e-01
9.753062500000000412e+00 3.334174972327272335e-01
9.802249999999999019e+00 3.272337127229968945e-01
9.851562500000000000e+00 3.210843903205595207e-01
9.900999999999999801e+00 3.162114727483005816e-01
9.950562500000000199e+00 3.103179982393882708e-01
1.000024999999999942e+01 3.044614707242276896e-01
1.005006250000000101e+01 2.998173869501241651e-01
1.009999999999999964e+01 2.942065063420953863e-01
