# Energy [MeV] 	-	 Rate [MeV^-1 s^-1]
1.000000000000000056e-01 9.405617705381452345e-06
2.489999999999999991e-01 1.922691982989800097e-01
3.980000000000000204e-01 7.762136034868346579e-01
5.469999999999999307e-01 2.236473263946535450e+00
6.959999999999999520e-01 4.449723267071559185e+00
8.449999999999999734e-01 6.066983804659471957e+00
9.939999999999998836e-01 8.908881721965929756e+00
1.143000000000000016e+00 1.181298437834728610e+01
1.292000000000000037e+00 1.435136532152386657e+01
1.441000000000000059e+00 1.540444343224571355e+01
1.590000000000000080e+00 1.785508662150244774e+01
1.739000000000000101e+00 1.984040552301536309e+01
1.887999999999999901e+00 2.106947576197475058e+01
2.036999999999999922e+00 2.083943514243463824e+01
2.185999999999999943e+00 2.208759532642815060e+01
2.334999999999999964e+00 2.287532759282020933e+01
2.483999999999999986e+00 2.302589537842663958e+01
2.633000000000000007e+00 2.209967819361796515e+01
2.782000000000000028e+00 2.251463177340755450e+01
2.931000000000000050e+00 2.253409757598495489e+01
3.080000000000000071e+00 2.206268935917286811e+01
3.229000000000000092e+00 2.083136393910043793e+01
3.378000000000000114e+00 2.075830899664370932e+01
3.527000000000000135e+00 2.039760590402485363e+01
3.675999999999999712e+00 1.967395156109983745e+01
3.824999999999999734e+00 1.840670653637857868e+01
3.973999999999999755e+00 1.809459789698307830e+01
4.122999999999999332e+00 1.758495172943151275e+01
4.271999999999999353e+00 1.682141560654891776e+01
4.420999999999999375e+00 1.567014151848673542e+01
4.569999999999999396e+00 1.528618975424513948e+01
4.718999999999999417e+00 1.475902260675614208e+01
4.867999999999999439e+00 1.404717978714792537e+01
5.016999999999999460e+00 1.305053028470900145e+01
5.165999999999999481e+00 1.266454158076068737e+01
5.314999999999999503e+00 1.217665182526139844e+01
5.463999999999999524e+00 1.155518890408209209e+01
5.612999999999999545e+00 1.071999798832109008e+01
5.761999999999999567e+00 1.036691820793427787e+01
5.910999999999999588e+00 9.940157180222335853e+00
6.059999999999999609e+00 9.416275317310979887e+00
6.208999999999999631e+00 8.729770359157898341e+00
6.357999999999999652e+00 8.423805996889534242e+00
6.506999999999999673e+00 8.063960745421837828e+00
6.655999999999999694e+00 7.632157311860996884e+00
6.804999999999999716e+00 7.073769713120647395e+00
6.953999999999999737e+00 6.815549937104793621e+00
7.102999999999999758e+00 6.517548966644292285e+00
7.251999999999998892e+00 6.166014133607408354e+00
7.400999999999998913e+00 5.714882003342728112e+00
7.549999999999998934e+00 5.500937979485241769e+00
7.698999999999998956e+00 5.257201028874360915e+00
7.847999999999998977e+00 4.973192678416279655e+00
7.996999999999998998e+00 4.609968350431130624e+00
8.145999999999999019e+00 4.434694326576973822e+00
8.294999999999999929e+00 4.236996320241135372e+00
8.443999999999999062e+00 4.008787325799771928e+00
8.592999999999999972e+00 3.716932922238411319e+00
8.741999999999999105e+00 3.574304979369940849e+00
8.891000000000000014e+00 3.414586181210943039e+00
9.039999999999999147e+00 3.231579084795692225e+00
9.189000000000000057e+00 2.997123565908776044e+00
9.337999999999999190e+00 2.881582958480677359e+00
9.487000000000000099e+00 2.752999545818159088e+00
9.635999999999999233e+00 2.606592438048534799e+00
9.784999999999998366e+00 2.418396852804187702e+00
9.933999999999999275e+00 2.325295908378229637e+00
1.008299999999999841e+01 2.222202376720939121e+00
1.023199999999999932e+01 2.105367154481628145e+00
1.038099999999999845e+01 1.954323861555318231e+00
1.052999999999999936e+01 1.879481867478177692e+00
1.067899999999999849e+01 1.796785379740969191e+00
1.082799999999999940e+01 1.703303218209941461e+00
1.097699999999999854e+01 1.581628968488585807e+00
1.112599999999999945e+01 1.521213277187255519e+00
1.127499999999999858e+01 1.454617807037059007e+00
1.142399999999999949e+01 1.379574712205326792e+00
1.157299999999999862e+01 1.281298150989462314e+00
1.172199999999999953e+01 1.232476208504843740e+00
1.187099999999999866e+01 1.178821572178581301e+00
1.201999999999999957e+01 1.118556724695371374e+00
1.216899999999999871e+01 1.039108537555783141e+00
1.231799999999999962e+01 9.996898741980156933e-01
1.246699999999999875e+01 9.564647833623732831e-01
1.261599999999999966e+01 9.080294235045961448e-01
1.276499999999999879e+01 8.436957069968666900e-01
1.291399999999999970e+01 8.118377466208598348e-01
1.306299999999999883e+01 7.769645413493690977e-01
1.321199999999999974e+01 7.379718269506437833e-01
1.336099999999999888e+01 6.857855234285910040e-01
1.350999999999999979e+01 6.600262675318604444e-01
1.365899999999999892e+01 6.318843348214583377e-01
1.380799999999999983e+01 6.004865773080176883e-01
1.395699999999999896e+01 5.581234632960028197e-01
1.410599999999999987e+01 5.373226732448115328e-01
1.425499999999999901e+01 5.146231553424087668e-01
1.440399999999999814e+01 4.893190656397725657e-01
1.455299999999999905e+01 4.548502988037128048e-01
1.470199999999999818e+01 4.379868103383867117e-01
1.485099999999999909e+01 4.195764070089461617e-01
1.500000000000000000e+01 3.990612686593229541e-01
