# Energy [MeV] 	-	 Rate [MeV^-1 s^-1]
5.000000000000000278e-02 5.248486884066905726e-35
5.099599999999999966e-02 5.766943459577602106e-38
5.398400000000000420e-02 9.989457408683595992e-39
5.896400000000000252e-02 2.226855245024281565e-25
6.593599999999999461e-02 2.113358641685075613e-11
7.490000000000000824e-02 4.855329116485401634e-10
8.585600000000000176e-02 3.780733369070156775e-12
9.880400000000000293e-02 2.812921935833318911e-08
1.137439999999999979e-01 3.729044220581493815e-05
1.306759999999999866e-01 2.661904343404751776e-04
1.496000000000000107e-01 6.965512561331329926e-05
1.705160000000000009e-01 8.036733500288514452e-05
1.934239999999999848e-01 5.639126122456596243e-04
2.183240000000000181e-01 3.525132808122713110e-03
2.452159999999999895e-01 8.795750393046700838e-03
2.740999999999999548e-01 1.127422721751545655e-02
3.049759999999999693e-01 1.190069200725958273e-02
3.378440000000000332e-01 1.643958436077754340e-02
3.727039999999999242e-01 2.811763346553889861e-02
4.095559999999999756e-01 4.833958157410602613e-02
4.484000000000000208e-01 7.105871402654738433e-02
4.892359999999998932e-01 9.394758393787637496e-02
5.320639999999999814e-01 1.228409759143554852e-01
5.768840000000000634e-01 1.633432746268649038e-01
6.236960000000000282e-01 2.127523084569611089e-01
6.724999999999999867e-01 2.685255404688861591e-01
7.232960000000000500e-01 2.358728081716923164e-01
7.760839999999999961e-01 2.899446619922935175e-01
8.308640000000000470e-01 3.515574172241901496e-01
8.876359999999998696e-01 4.218466938384504705e-01
9.463999999999999080e-01 5.001863198870991623e-01
1.007155999999999940e+00 5.850767186573331280e-01
1.069903999999999966e+00 6.748964311097382929e-01
1.134643999999999986e+00 7.680371434634090111e-01
1.201376000000000221e+00 8.680997877530137741e-01
1.270100000000000229e+00 9.591933339247606938e-01
1.340815999999999786e+00 8.742245175552926240e-01
1.413523999999999781e+00 9.706485355102605350e-01
1.488223999999999991e+00 1.066938724701166574e+00
1.564915999999999974e+00 1.161453808448273062e+00
1.643600000000000172e+00 1.251423208928336583e+00
1.724276000000000142e+00 1.333078994253129812e+00
1.806943999999999662e+00 1.414520332380132306e+00
1.891603999999999619e+00 1.465750262599360365e+00
1.978255999999999792e+00 1.354263227435544614e+00
2.066899999999999959e+00 1.422909482286041305e+00
2.157535999999999898e+00 1.483896389624437262e+00
2.250163999999999831e+00 1.534570322202969628e+00
2.344783999999999757e+00 1.571170412600113364e+00
2.441395999999999233e+00 1.604930047005053817e+00
2.539999999999999591e+00 1.468123760644724829e+00
2.640595999999999499e+00 1.506756343268554454e+00
2.743183999999999845e+00 1.534623190489136535e+00
2.847763999999999740e+00 1.549468589891342729e+00
2.954335999999999629e+00 1.564273933005069228e+00
3.062899999999999956e+00 1.543794212182822312e+00
3.173455999999999833e+00 1.420641585389897932e+00
3.286004000000000147e+00 1.427656208454973319e+00
3.400543999999999123e+00 1.423546280543475318e+00
3.517075999999998981e+00 1.405811003738363762e+00
3.635599999999999277e+00 1.386193429189580106e+00
3.756115999999999122e+00 1.266132319663666461e+00
3.878623999999999850e+00 1.256388996683582615e+00
4.003123999999999683e+00 1.237173995081926714e+00
4.129615999999999509e+00 1.206444065803686794e+00
4.258099999999999774e+00 1.174292950557268345e+00
4.388575999999999588e+00 1.078158913998099599e+00
4.521043999999999841e+00 1.057818380595429542e+00
4.655504000000000531e+00 1.028898520728398269e+00
4.791955999999999882e+00 1.000489714923940898e+00
4.930400000000000560e+00 9.053712531574313882e-01
5.070835999999999011e+00 8.842618360966073565e-01
5.213263999999998788e+00 8.566682887383029188e-01
5.357683999999999003e+00 8.302755702339599253e-01
5.504095999999998767e+00 7.468290860502928563e-01
5.652499999999998970e+00 7.258614804067755610e-01
5.802895999999999610e+00 6.997251628530457568e-01
5.955283999999998912e+00 6.747492674947754843e-01
6.109663999999999540e+00 6.067346360523543369e-01
6.266036000000000605e+00 5.866057682605438917e-01
6.424400000000000333e+00 5.622070024742973349e-01
6.584756000000000498e+00 5.385169098623281414e-01
6.747104000000000212e+00 4.865186772950806926e-01
6.911443999999999477e+00 4.675185991951170683e-01
7.077775999999998291e+00 4.447738604854923894e-01
7.246099999999998431e+00 4.220269208772483571e-01
7.416415999999998121e+00 3.852434640720857617e-01
7.588723999999999137e+00 3.674480830067352044e-01
7.763023999999998814e+00 3.502906313724897247e-01
7.939315999999998930e+00 3.153274722004305586e-01
8.117600000000001259e+00 3.010974079710933560e-01
8.297876000000000474e+00 2.843414788202873744e-01
8.480144000000001014e+00 2.672922567797807458e-01
8.664404000000001105e+00 2.452335438069525031e-01
8.850656000000000745e+00 2.317940090566255606e-01
9.038899999999999935e+00 2.183591592066551901e-01
9.229136000000000450e+00 1.987497791427708937e-01
9.421363999999998740e+00 1.878137357983595268e-01
9.615583999999998355e+00 1.769742269401504142e-01
9.811795999999999296e+00 1.604325044060843919e-01
1.000999999999999979e+01 1.514454697674323669e-01
