# Energy [MeV] 	-	 Rate [MeV^-1 s^-1]
1.000000000000000056e-01 2.405852374913214850e-13
2.489999999999999991e-01 1.246992772529728925e-03
3.980000000000000204e-01 7.771429004608347395e-03
5.469999999999999307e-01 4.226103944179805671e-02
6.959999999999999520e-01 1.322169633770113595e-01
8.449999999999999734e-01 2.411714137652407330e-01
9.939999999999998836e-01 4.517961834556186163e-01
1.143000000000000016e+00 7.288143175193833034e-01
1.292000000000000037e+00 1.039712367735839083e+00
1.441000000000000059e+00 1.274911784003602833e+00
1.590000000000000080e+00 1.652523985102866355e+00
1.739000000000000101e+00 2.018780350779571631e+00
1.887999999999999901e+00 2.323982803306841483e+00
2.036999999999999922e+00 2.464150008000335124e+00
2.185999999999999943e+00 2.776491791204506843e+00
2.334999999999999964e+00 3.035320573399044264e+00
2.483999999999999986e+00 3.204769127433094056e+00
2.633000000000000007e+00 3.208440428053455307e+00
2.782000000000000028e+00 3.393256259185602364e+00
2.931000000000000050e+00 3.511420754030888602e+00
3.080000000000000071e+00 3.542944460933607154e+00
3.229000000000000092e+00 3.437704694400053107e+00
3.378000000000000114e+00 3.511348631248107921e+00
3.527000000000000135e+00 3.528409701662469811e+00
3.675999999999999712e+00 3.472933886304619744e+00
3.824999999999999734e+00 3.309588132047055264e+00
3.973999999999999755e+00 3.308477168507284905e+00
4.122999999999999332e+00 3.265012818059909172e+00
4.271999999999999353e+00 3.167445589256440375e+00
4.420999999999999375e+00 2.988819055539851277e+00
4.569999999999999396e+00 2.949999297550440769e+00
4.718999999999999417e+00 2.878928059476646428e+00
4.867999999999999439e+00 2.766981141937597144e+00
5.016999999999999460e+00 2.593707873921233364e+00
5.165999999999999481e+00 2.537611822519632909e+00
5.314999999999999503e+00 2.458089592929686873e+00
5.463999999999999524e+00 2.348522382619119941e+00
5.612999999999999545e+00 2.192281692545317906e+00
5.761999999999999567e+00 2.132033021793130256e+00
5.910999999999999588e+00 2.054760209824918249e+00
6.059999999999999609e+00 1.955572984641751777e+00
6.208999999999999631e+00 1.820729171422388104e+00
6.357999999999999652e+00 1.763721819508869970e+00
6.506999999999999673e+00 1.694304046288498178e+00
6.655999999999999694e+00 1.608658803030988294e+00
6.804999999999999716e+00 1.495216772110662395e+00
6.953999999999999737e+00 1.444322432220900509e+00
7.102999999999999758e+00 1.384334772268700275e+00
7.251999999999998892e+00 1.312337536616923650e+00
7.400999999999998913e+00 1.218507915209829040e+00
7.549999999999998934e+00 1.174732290655331024e+00
7.698999999999998956e+00 1.124201115174446208e+00
7.847999999999998977e+00 1.064690450694701473e+00
7.996999999999998998e+00 9.878732311688155354e-01
8.145999999999999019e+00 9.510513421846559234e-01
8.294999999999999929e+00 9.092068117038065722e-01
8.443999999999999062e+00 8.606267731812632382e-01
8.592999999999999972e+00 7.982194750442156428e-01
8.741999999999999105e+00 7.677310023473341571e-01
8.891000000000000014e+00 7.334747059165709349e-01
9.039999999999999147e+00 6.941394708135291136e-01
9.189000000000000057e+00 6.436960952173261807e-01
9.337999999999999190e+00 6.187459108473740699e-01
9.487000000000000099e+00 5.909545587508716613e-01
9.635999999999999233e+00 5.593074260660685360e-01
9.784999999999998366e+00 5.186786062056027991e-01
9.933999999999999275e+00 4.984334033634920114e-01
1.008299999999999841e+01 4.760324670209074571e-01
1.023199999999999932e+01 4.506844987379615697e-01
1.038099999999999845e+01 4.180260990881459193e-01
1.052999999999999936e+01 4.016797159083866919e-01
1.067899999999999849e+01 3.836614963760215935e-01
1.082799999999999940e+01 3.633558185609603308e-01
1.097699999999999854e+01 3.370647475522624559e-01
1.112599999999999945e+01 3.238547128251716423e-01
1.127499999999999858e+01 3.093461184352097604e-01
1.142399999999999949e+01 2.930636752352258623e-01
1.157299999999999862e+01 2.718781907531011011e-01
1.172199999999999953e+01 2.612146936109622231e-01
1.187099999999999866e+01 2.495459768569708858e-01
1.201999999999999957e+01 2.365013224548200566e-01
1.216899999999999871e+01 2.194316700641508189e-01
1.231799999999999962e+01 2.108404665886371709e-01
1.246699999999999875e+01 2.014617700327453742e-01
1.261599999999999966e+01 1.910031522256495085e-01
1.276499999999999879e+01 1.772240394956626774e-01
1.291399999999999970e+01 1.702859036079813482e-01
1.306299999999999883e+01 1.627260861277080861e-01
1.321199999999999974e+01 1.543182098740742969e-01
1.336099999999999888e+01 1.431751154093562350e-01
1.350999999999999979e+01 1.375715096401898541e-01
1.365899999999999892e+01 1.314876450397744478e-01
1.380799999999999983e+01 1.247465543230034946e-01
1.395699999999999896e+01 1.157542786190643991e-01
1.410599999999999987e+01 1.112582651002452516e-01
1.425499999999999901e+01 1.063861053276846380e-01
1.440399999999999814e+01 1.009927599536634135e-01
1.455299999999999905e+01 9.372793103430102080e-02
1.470199999999999818e+01 9.010726934580806646e-02
1.485099999999999909e+01 8.617867149853521147e-02
1.500000000000000000e+01 8.182873203363523473e-02
