# Energy [MeV] 	-	 Rate [MeV^-1 s^-1]
1.000000000000000056e-01 5.496578292435885961e-07
1.000624999999999987e-01 5.055304093542206577e-07
1.002500000000000058e-01 5.674492349811154468e-07
1.005624999999999991e-01 6.862142008217628216e-07
1.010000000000000064e-01 8.906607041660715780e-07
1.015625000000000000e-01 1.234334871019934024e-06
1.022500000000000075e-01 1.814620391556077045e-06
1.030625000000000013e-01 2.807984607143930602e-06
1.040000000000000091e-01 4.533130038169219150e-06
1.050625000000000031e-01 7.559845127218565768e-06
1.062500000000000111e-01 1.288569789375225845e-05
1.075625000000000053e-01 2.219670415079488837e-05
1.089999999999999997e-01 3.819350510309292871e-05
1.105625000000000080e-01 6.487529355956656637e-05
1.122500000000000026e-01 1.075159901937286369e-04
1.140625000000000111e-01 1.718920895443710366e-04
1.160000000000000059e-01 2.623108992625259629e-04
1.180625000000000147e-01 3.784332469237572795e-04
1.202499999999999958e-01 5.119281143694715029e-04
1.225625000000000048e-01 6.451666290788001966e-04
1.250000000000000000e-01 7.542398418674376055e-04
1.275624999999999953e-01 8.165274006362811463e-04
1.302500000000000047e-01 8.196246053529282916e-04
1.330625000000000002e-01 7.665031297328698222e-04
1.360000000000000098e-01 6.736964847277528319e-04
1.390625000000000056e-01 5.639100278297653340e-04
1.422500000000000153e-01 4.577976104397553521e-04
1.455625000000000113e-01 3.691471793538406523e-04
1.490000000000000213e-01 3.046527706224450168e-04
1.525624999999999898e-01 2.662620069043280407e-04
1.562500000000000000e-01 2.499362041385302718e-04
1.600624999999999964e-01 2.519550894447102605e-04
1.640000000000000069e-01 2.723200312548323758e-04
1.680625000000000036e-01 3.145755914388580557e-04
1.722500000000000142e-01 3.866591644299241840e-04
1.765625000000000111e-01 4.532221620708843605e-04
1.809999999999999942e-01 6.165717369350755738e-04
1.855625000000000191e-01 8.693000016881430488e-04
1.902500000000000024e-01 1.253780094175288573e-03
1.950625000000000275e-01 1.821500479893211526e-03
2.000000000000000111e-01 2.617876791338912684e-03
2.050625000000000364e-01 3.658909467642813482e-03
2.102499999999999925e-01 4.953443028137933905e-03
2.155624999999999902e-01 6.494197701413502964e-03
2.210000000000000020e-01 8.246283155262266670e-03
2.265625000000000278e-01 1.014633324346657373e-02
2.322500000000000120e-01 1.210722558102923785e-02
2.380625000000000380e-01 1.402829425982932490e-02
2.439999999999999947e-01 1.580937080520616184e-02
2.500624999999999654e-01 1.592319228188930277e-02
2.562499999999999778e-01 1.710080041650376484e-02
2.625625000000000320e-01 1.800322641915023600e-02
2.690000000000000169e-01 1.864708596354496331e-02
2.755625000000000435e-01 1.908188063205249613e-02
2.822500000000000009e-01 1.938474363835639147e-02
2.890625000000000000e-01 1.965512405204717511e-02
2.960000000000000409e-01 2.001237224933026873e-02
3.030625000000000124e-01 2.059707599495685937e-02
3.102500000000000258e-01 2.150613968048433605e-02
3.175624999999999698e-01 2.276662096806208666e-02
3.249999999999999556e-01 2.442250902962895057e-02
3.325624999999999831e-01 2.457891799583481959e-02
3.402500000000000524e-01 2.694786190672365453e-02
3.480625000000000524e-01 2.980265780765141426e-02
3.559999999999999831e-01 3.319031266166520139e-02
3.640625000000000666e-01 3.715071458847443719e-02
3.722500000000000808e-01 4.170712175963686014e-02
3.805625000000000258e-01 4.685314356183920004e-02
3.890000000000000124e-01 5.253612078267312635e-02
3.975625000000000409e-01 5.867085880174524593e-02
4.062500000000001110e-01 6.087459352212070546e-02
4.150625000000000009e-01 6.694556511451521530e-02
4.239999999999999325e-01 7.306979478832510699e-02
4.330624999999999059e-01 7.920568465480533338e-02
4.422500000000000320e-01 8.532651753786472948e-02
4.515624999999999778e-01 9.142474621972442039e-02
4.609999999999999654e-01 9.751598517637666275e-02
4.705624999999999947e-01 1.037067863020020991e-01
4.802500000000000657e-01 1.037304771365031020e-01
4.900625000000000675e-01 1.098951380917468773e-01
5.000000000000001110e-01 1.164154079542231712e-01
5.100625000000000853e-01 1.234442049619722814e-01
5.202500000000001013e-01 1.310320054798245759e-01
5.305625000000000480e-01 1.391958322304243933e-01
5.409999999999999254e-01 1.479467217646074084e-01
5.515624999999999556e-01 1.493765463289524476e-01
5.622499999999999165e-01 1.589134187432554579e-01
5.730625000000000302e-01 1.690026799487733267e-01
5.839999999999999636e-01 1.796128896734914548e-01
5.950625000000000497e-01 1.906951059545385074e-01
6.062500000000000666e-01 2.021822211842868589e-01
6.175625000000000142e-01 2.140290751373983003e-01
6.290000000000000036e-01 2.159885890740915748e-01
6.405625000000000346e-01 2.281124189922270062e-01
6.522500000000001075e-01 2.405581697149109521e-01
6.640625000000000000e-01 2.533121816168358298e-01
6.759999999999999343e-01 2.663612501048976400e-01
6.880624999999999103e-01 2.796931270475009890e-01
7.002499999999999281e-01 2.811852564152217404e-01
7.125624999999999876e-01 2.947112492641340009e-01
7.249999999999999778e-01 3.085147401661853528e-01
7.375625000000000098e-01 3.225960310621501237e-01
7.502499999999999725e-01 3.369596047736552191e-01
7.630624999999999769e-01 3.516148620837509786e-01
7.760000000000000231e-01 3.527573104982603680e-01
7.890625000000000000e-01 3.677747340366750439e-01
8.022500000000000187e-01 3.831747809175864439e-01
8.155624999999999680e-01 3.989820930876795124e-01
8.290000000000000702e-01 4.151882542231303264e-01
8.425625000000001030e-01 4.317770992030973698e-01
8.562500000000000666e-01 4.333260567346416403e-01
8.700625000000000719e-01 4.504207007093583015e-01
8.840000000000001190e-01 4.678700213107787609e-01
8.980625000000002078e-01 4.856509088823496301e-01
9.122500000000001164e-01 5.037371287214543747e-01
9.265625000000000666e-01 5.054172630759320439e-01
9.409999999999999476e-01 5.238974280431978325e-01
9.555624999999998703e-01 5.426353033132795822e-01
9.702499999999999458e-01 5.615976428777248453e-01
9.850624999999999520e-01 5.807479981063108365e-01
9.999999999999998890e-01 6.005863725448047363e-01
1.015062499999999979e+00 6.016041996013128390e-01
1.030250000000000110e+00 6.211711418664767059e-01
1.045562499999999950e+00 6.409047942937747822e-01
1.061000000000000165e+00 6.607716015974087753e-01
1.076562500000000089e+00 6.619575705863068871e-01
1.092250000000000165e+00 6.820785192636094063e-01
1.108062500000000172e+00 7.022903457971465535e-01
1.124000000000000110e+00 7.225568771462286266e-01
1.140062500000000201e+00 7.428399067912260234e-01
1.156250000000000222e+00 7.436400863228400659e-01
1.172562500000000174e+00 7.640835251633271152e-01
1.189000000000000279e+00 7.845066825475800476e-01
1.205562500000000092e+00 8.048722684299112196e-01
1.222250000000000281e+00 8.259507392531230119e-01
1.239062500000000178e+00 8.254689855293197986e-01
1.256000000000000227e+00 8.458492254975871205e-01
1.273062500000000208e+00 8.661094002209603904e-01
1.290250000000000341e+00 8.862057275094326059e-01
1.307562500000000405e+00 8.858224307441038281e-01
1.325000000000000400e+00 9.059681960683875213e-01
1.342562499999999881e+00 9.259160926363142474e-01
1.360250000000000181e+00 9.456236361084018327e-01
1.378062499999999968e+00 9.444630830922055020e-01
1.395999999999999908e+00 9.641724163035491069e-01
1.414062500000000000e+00 9.836209453394579860e-01
1.432249999999999801e+00 1.002769829833233262e+00
1.450562499999999977e+00 1.000845984747620765e+00
1.469000000000000083e+00 1.019994561118192644e+00
1.487562500000000121e+00 1.038842267967523769e+00
1.506250000000000089e+00 1.057355630329645413e+00
1.525062500000000210e+00 1.054780957672178276e+00
1.544000000000000039e+00 1.073312228504692101e+00
1.563062500000000021e+00 1.091477002879491787e+00
1.582250000000000156e+00 1.109221278770216257e+00
1.601562500000000222e+00 1.105979486961595537e+00
1.621000000000000218e+00 1.123655503330431626e+00
1.640562500000000146e+00 1.140867945871637312e+00
1.660250000000000448e+00 1.157561746754209642e+00
1.680062500000000236e+00 1.153573813810013338e+00
1.700000000000000400e+00 1.170127702393010560e+00
1.720062500000000272e+00 1.186125652239309103e+00
1.740250000000000519e+00 1.201512490252483634e+00
1.760562500000000252e+00 1.196746626557785964e+00
1.781000000000000361e+00 1.211944610271075806e+00
1.801562500000000400e+00 1.226502925458673010e+00
1.822250000000000369e+00 1.241778775500380405e+00
1.843062500000000048e+00 1.234849071626418660e+00
1.863999999999999879e+00 1.248504824218360731e+00
1.885062499999999863e+00 1.261449306394869740e+00
1.906250000000000000e+00 1.254744278152689407e+00
1.927562499999999845e+00 1.267451006563879989e+00
1.948999999999999844e+00 1.279438014796540957e+00
1.970562500000000217e+00 1.292162253183455789e+00
1.992250000000000076e+00 1.283359257794479458e+00
2.014062500000000089e+00 1.294384552141141675e+00
2.036000000000000032e+00 1.304684051258160338e+00
2.058062500000000128e+00 1.296504839179610791e+00
2.080249999999999932e+00 1.306821472747364155e+00
2.102562499999999890e+00 1.316483447555150565e+00
2.125000000000000444e+00 1.307690031554832544e+00
2.147562500000000263e+00 1.317346945401965064e+00
2.170250000000000234e+00 1.326325377107765657e+00
2.193062500000000359e+00 1.334569491945866826e+00
2.216000000000000192e+00 1.325848507169806068e+00
2.239062500000000178e+00 1.334075712771580546e+00
2.262250000000000316e+00 1.341547741000421290e+00
2.285562500000000608e+00 1.332207954757250956e+00
2.309000000000000608e+00 1.339625769917653919e+00
2.332562500000000316e+00 1.346269728826960499e+00
2.356250000000000178e+00 1.336335043794345978e+00
2.380062500000000192e+00 1.342895810722373184e+00
2.403999999999999915e+00 1.348666690003728297e+00
2.428062499999999790e+00 1.338170063039338276e+00
2.452249999999999819e+00 1.343837465462380809e+00
2.476562500000000000e+00 1.348701978800204149e+00
2.500999999999999890e+00 1.337685865685249276e+00
2.525562499999999932e+00 1.342435573889646072e+00
2.550250000000000128e+00 1.346372709727967409e+00
2.575062500000000032e+00 1.334889282584494241e+00
2.600000000000000089e+00 1.338709379039500824e+00
2.625062500000000743e+00 1.341710723088471058e+00
2.650250000000000217e+00 1.329821865043649076e+00
2.675562500000000288e+00 1.332713030013320532e+00
2.701000000000000068e+00 1.334782841470753434e+00
2.726562500000000000e+00 1.322559930934516848e+00
2.752250000000000085e+00 1.324535377366419020e+00
2.778062499999999879e+00 1.325690411048045192e+00
2.804000000000000270e+00 1.313213917125938268e+00
2.830062499999999481e+00 1.314299074552409907e+00
2.856250000000000178e+00 1.314568151690217013e+00
2.882562500000000139e+00 1.301927071028036176e+00
2.909000000000000252e+00 1.302159028694577891e+00
2.935562499999999631e+00 1.301582369524662885e+00
2.962250000000000050e+00 1.288873544137412175e+00
2.989062499999999734e+00 1.288300273561886033e+00
3.016000000000000458e+00 1.286928328387404896e+00
3.043062500000000004e+00 1.274250456028442668e+00
3.070250000000000590e+00 1.272911415189369455e+00
3.097562499999999996e+00 1.272437168804619434e+00
3.125000000000000444e+00 1.258169334855367971e+00
3.152562500000000156e+00 1.256059345936868743e+00
3.180250000000000465e+00 1.242763674617524350e+00
3.208062500000000039e+00 1.240658078037740530e+00
3.236000000000000654e+00 1.237773692560561134e+00
3.264062500000000089e+00 1.224625009753462779e+00
3.292250000000001009e+00 1.221756145379224279e+00
3.320562499999999861e+00 1.219724883036356511e+00
3.349000000000000643e+00 1.205143843070322740e+00
3.377562500000000245e+00 1.201517637086389367e+00
3.406250000000000444e+00 1.187999669639371092e+00
3.435062500000000352e+00 1.184383367976039381e+00
3.463999999999999968e+00 1.180010356764160662e+00
3.493062500000000181e+00 1.166761295180280600e+00
3.522249999999999659e+00 1.162419808545140709e+00
3.551562500000000622e+00 1.148713671698678329e+00
3.580999999999999961e+00 1.144389655377399340e+00
3.610562500000000341e+00 1.139341118338385250e+00
3.640249999999999986e+00 1.125983914700578570e+00
3.670062500000000227e+00 1.120979736125819803e+00
3.699999999999999734e+00 1.116769002798151389e+00
3.730062500000000281e+00 1.102295913730471533e+00
3.760250000000000092e+00 1.096635788331456141e+00
3.790562500000000501e+00 1.083352431609280186e+00
3.821000000000000174e+00 1.077759332148402249e+00
3.851562500000000888e+00 1.064209700350964960e+00
3.882249999999999979e+00 1.058679717738231885e+00
3.913062500000000998e+00 1.052490277735220969e+00
3.944000000000000394e+00 1.039457985786286898e+00
3.975062500000000387e+00 1.033365770177847365e+00
4.006249999999999645e+00 1.020152785220568070e+00
4.037562500000000831e+00 1.014156129658881911e+00
4.068999999999999950e+00 1.007526596576162836e+00
4.100562500000000554e+00 9.949015436969261827e-01
4.132249999999999979e+00 9.883830825965361777e-01
4.164062500000000000e+00 9.756270569765128631e-01
4.195999999999999730e+00 9.692059913219419620e-01
4.228062499999999169e+00 9.563560857741398857e-01
4.260250000000000092e+00 9.500209678309174954e-01
4.292562499999998948e+00 9.430884038426916582e-01
4.325000000000000178e+00 9.308523138913562534e-01
4.357562499999999339e+00 9.240204158647009614e-01
4.390249999999999986e+00 9.117231573361750385e-01
4.423062499999999453e+00 9.049828916747055807e-01
4.456000000000000405e+00 8.926555857462503685e-01
4.489062499999999289e+00 8.859996237191648527e-01
4.522249999999999659e+00 8.800189977767796101e-01
4.555562499999999737e+00 8.670932763705881952e-01
4.589000000000000412e+00 8.599721626316259027e-01
4.622562499999999019e+00 8.482854855387840232e-01
4.656250000000000000e+00 8.412596406297506713e-01
4.690062499999999801e+00 8.295969356224621727e-01
4.724000000000000199e+00 8.226619882417687268e-01
4.758062499999999417e+00 8.110474180792970333e-01
4.792250000000000121e+00 8.042001231918439741e-01
4.826562499999999645e+00 7.926558750590335656e-01
4.861000000000000654e+00 7.858939739056318707e-01
4.895562499999999595e+00 7.797460627759825735e-01
4.930250000000000909e+00 7.677625238873027058e-01
4.965062500000000156e+00 7.606049925994943228e-01
5.000000000000000888e+00 7.498238454031880273e-01
5.035062500000000441e+00 7.427672668305733694e-01
5.070249999999998813e+00 7.320935536263805110e-01
5.105562499999999559e+00 7.251337132939772445e-01
5.141000000000000014e+00 7.145802822456710501e-01
5.176562500000000178e+00 7.077123746163531681e-01
5.212249999999999162e+00 6.972907093914975096e-01
5.248062499999999631e+00 6.905106610234453823e-01
5.283999999999998920e+00 6.802311887791813172e-01
5.320062499999999694e+00 6.735355775748628204e-01
5.356249999999999289e+00 6.634077626111811732e-01
5.392562500000000369e+00 6.567937438354788382e-01
5.428999999999998494e+00 6.468261698184341046e-01
5.465562500000000767e+00 6.402914080890852455e-01
5.502249999999999197e+00 6.304918500909582058e-01
5.539062500000000000e+00 6.240344567743355553e-01
5.575999999999999623e+00 6.144099451908466847e-01
5.613062500000000732e+00 6.080284206078189202e-01
5.650249999999999773e+00 5.985852973339110816e-01
5.687562500000000298e+00 5.922784773314236917e-01
5.724999999999999645e+00 5.864449836595320154e-01
5.762562500000001364e+00 5.767894527043589958e-01
5.800250000000000128e+00 5.677256244243701344e-01
5.838062500000000377e+00 5.615658195533324015e-01
5.875999999999999446e+00 5.526987522178966605e-01
5.914062500000000888e+00 5.466116957768617501e-01
5.952249999999999375e+00 5.379454314380651692e-01
5.990562500000000234e+00 5.319308413668232260e-01
6.028999999999999915e+00 5.234688937738080083e-01
6.067562499999999304e+00 5.175260779533957800e-01
6.106250000000000178e+00 5.092700146157047580e-01
6.145062499999998984e+00 5.033966117937380691e-01
6.184000000000000163e+00 4.953467318211284831e-01
6.223062499999999275e+00 4.895403971114068442e-01
6.262249999999999872e+00 4.816967905054494459e-01
6.301562499999999289e+00 4.759553762046688785e-01
6.341000000000001080e+00 4.683179456006755226e-01
6.380562499999999915e+00 4.626394732405349486e-01
6.420250000000000234e+00 4.552079521492407022e-01
6.460062499999999375e+00 4.495905859773048352e-01
6.500000000000000888e+00 4.423645555585401512e-01
6.540062499999999446e+00 4.368065772421680926e-01
6.580250000000000377e+00 4.297854814755773245e-01
6.620562500000000128e+00 4.249140867169077795e-01
6.661000000000001364e+00 4.174684260912287503e-01
6.701562499999999645e+00 4.105282253440120654e-01
6.742250000000000298e+00 4.054110461018758382e-01
6.783062499999999773e+00 3.986775966398525828e-01
6.824000000000000732e+00 3.936109489215066093e-01
6.865062499999999623e+00 3.870829052301973938e-01
6.906250000000000888e+00 3.820656832965558802e-01
6.947562500000000085e+00 3.757416361180241360e-01
6.989000000000000767e+00 3.707727295432054482e-01
7.030562500000000270e+00 3.646512007266868860e-01
7.072249999999999481e+00 3.602661760807624458e-01
7.114062499999999289e+00 3.538082482184534694e-01
7.155999999999998806e+00 3.478048407909249962e-01
7.198062500000000696e+00 3.432084479594813553e-01
7.240249999999998742e+00 3.374033606653794592e-01
7.282562500000000050e+00 3.328474533447252082e-01
7.324999999999999289e+00 3.272380880634473965e-01
7.367562500000000902e+00 3.227209669059947217e-01
7.410249999999998671e+00 3.173047870466367826e-01
7.453062499999999702e+00 3.118298250786152304e-01
7.495999999999998664e+00 3.075992642885156392e-01
7.539062500000000888e+00 3.023140818974208166e-01
7.582250000000000156e+00 2.981173567338283870e-01
7.625562500000000021e+00 2.930193385074303380e-01
7.668999999999999595e+00 2.888549195756851540e-01
7.712562500000000654e+00 2.839415290985731755e-01
7.756249999999999645e+00 2.789855533264983811e-01
7.800062500000001009e+00 2.750765997352277448e-01
7.843999999999999417e+00 2.703010560071291701e-01
7.888062500000001087e+00 2.664204968665441209e-01
7.932249999999999801e+00 2.618228412818250916e-01
7.976562500000001776e+00 2.571955620645292040e-01
8.021000000000000796e+00 2.535469351647868796e-01
8.065562500000000412e+00 2.490928483001909610e-01
8.110249999999998849e+00 2.454690144684947006e-01
8.155062499999999659e+00 2.411851605830912237e-01
8.200000000000001066e+00 2.368809394010817915e-01
8.245062499999999517e+00 2.334675970080908880e-01
8.290250000000000341e+00 2.293280108330205957e-01
8.335562499999999986e+00 2.259353178224169645e-01
8.381000000000000227e+00 2.219575222105477641e-01
8.426562499999999289e+00 2.179659905623033134e-01
8.472250000000000725e+00 2.147648393260489785e-01
8.518062499999999204e+00 2.109295240713567332e-01
8.564000000000000057e+00 2.077453696443947728e-01
8.610062499999999730e+00 2.040636320418488525e-01
8.656250000000000000e+00 2.003729031913269454e-01
8.702562499999999091e+00 1.973639039566887632e-01
8.749000000000000554e+00 1.938212664378549110e-01
8.795562500000000838e+00 1.911155438360031544e-01
8.842250000000001720e+00 1.874289747865325595e-01
8.889062499999999645e+00 1.840262642765606305e-01
8.936000000000001720e+00 1.811917952746747995e-01
8.983062499999999062e+00 1.779293959626395139e-01
9.030250000000000554e+00 1.746663736435453418e-01
9.077562500000000867e+00 1.719811970076163821e-01
9.125000000000000000e+00 1.688532377977975396e-01
9.172562499999999730e+00 1.664306643260533292e-01
9.220250000000000057e+00 1.631825720768056154e-01
9.268062500000000981e+00 1.601880985046845174e-01
9.315999999999998948e+00 1.576504344416849168e-01
9.364062500000001066e+00 1.547838459180188586e-01
9.412249999999998451e+00 1.519212171136673228e-01
9.460562499999999986e+00 1.495122356843600897e-01
9.508999999999998565e+00 1.467725619635480983e-01
9.557562500000001293e+00 1.440395840251111614e-01
9.606249999999999289e+00 1.417508373181262937e-01
9.655062500000001435e+00 1.391360172246201288e-01
9.703999999999998849e+00 1.365300559767261834e-01
9.753062500000000412e+00 1.343538360611578331e-01
9.802249999999999019e+00 1.318613735920349805e-01
9.851562500000000000e+00 1.293794478104226264e-01
9.900999999999999801e+00 1.273086921984986353e-01
9.950562500000000199e+00 1.249357492063374875e-01
1.000024999999999942e+01 1.225746095033152239e-01
1.005006250000000101e+01 1.206027992830587120e-01
1.009999999999999964e+01 1.183461299056462190e-01
