# Energy [MeV] 	-	 Rate [MeV^-1 s^-1]
1.000000000000000056e-01 5.278279164320713089e-06
1.000624999999999987e-01 4.926752039360625309e-06
1.002500000000000058e-01 5.529836079772556822e-06
1.005624999999999991e-01 6.686487891478850245e-06
1.010000000000000064e-01 8.677311455083916891e-06
1.015625000000000000e-01 1.202325353972375647e-05
1.022500000000000075e-01 1.767147073744214036e-05
1.030625000000000013e-01 2.733767485981331211e-05
1.040000000000000091e-01 4.411916671922109281e-05
1.050625000000000031e-01 7.355072394567090631e-05
1.062500000000000111e-01 1.253169867123091262e-04
1.075625000000000053e-01 2.157753558682905649e-04
1.089999999999999997e-01 3.711060474480994392e-04
1.105625000000000080e-01 6.300387645853974643e-04
1.122500000000000026e-01 1.043578491315893435e-03
1.140625000000000111e-01 1.667466999945271160e-03
1.160000000000000059e-01 2.543036745823204665e-03
1.180625000000000147e-01 3.666457477041861878e-03
1.202499999999999958e-01 4.956487641781462915e-03
1.225625000000000048e-01 6.242114192642914637e-03
1.250000000000000000e-01 7.292083182814977985e-03
1.275624999999999953e-01 7.888297249087945426e-03
1.302500000000000047e-01 7.912001029221956555e-03
1.330625000000000002e-01 7.393210061236345741e-03
1.360000000000000098e-01 6.492627775297070414e-03
1.390625000000000056e-01 5.429913357834676574e-03
1.422500000000000153e-01 4.404266505743942815e-03
1.455625000000000113e-01 3.548191872661931017e-03
1.490000000000000213e-01 2.925573186864224937e-03
1.525624999999999898e-01 2.554491452420796452e-03
1.562500000000000000e-01 2.395550023875163328e-03
1.600624999999999964e-01 2.412524237650766779e-03
1.640000000000000069e-01 2.604908583506411555e-03
1.680625000000000036e-01 3.006037069372369426e-03
1.722500000000000142e-01 3.689644751415786100e-03
1.765625000000000111e-01 4.425414063321434811e-03
1.809999999999999942e-01 6.014438246538869604e-03
1.855625000000000191e-01 8.471178613614040870e-03
1.902500000000000024e-01 1.220540920741920374e-02
1.950625000000000275e-01 1.771378057351239918e-02
2.000000000000000111e-01 2.543175834404892352e-02
2.050625000000000364e-01 3.550735230151568639e-02
2.102499999999999925e-01 4.801837293053906608e-02
2.155624999999999902e-01 6.288594118381292397e-02
2.210000000000000020e-01 7.976422675470434820e-02
2.265625000000000278e-01 9.803357591170801244e-02
2.322500000000000120e-01 1.168476452990494796e-01
2.380625000000000380e-01 1.352332323825851390e-01
2.439999999999999947e-01 1.522263338573827951e-01
2.500624999999999654e-01 1.569538108904625917e-01
2.562499999999999778e-01 1.683843861247456830e-01
2.625625000000000320e-01 1.770820382724033748e-01
2.690000000000000169e-01 1.832183019203888763e-01
2.755625000000000435e-01 1.872869211436761216e-01
2.822500000000000009e-01 1.900505563407358656e-01
2.890625000000000000e-01 1.924871731713698741e-01
2.960000000000000409e-01 1.957651060616664440e-01
3.030625000000000124e-01 2.012548757580729097e-01
3.102500000000000258e-01 2.098942086455266587e-01
3.175624999999999698e-01 2.219352674692481875e-01
3.249999999999999556e-01 2.376752959052997327e-01
3.325624999999999831e-01 2.447043622408955343e-01
3.402500000000000524e-01 2.680075995321331006e-01
3.480625000000000524e-01 2.960845544232763582e-01
3.559999999999999831e-01 3.293849594640038125e-01
3.640625000000000666e-01 3.682854131752393290e-01
3.722500000000000808e-01 4.129954587514436115e-01
3.805625000000000258e-01 4.634296055862925368e-01
3.890000000000000124e-01 5.190446870960434556e-01
3.975625000000000409e-01 5.786589349264722459e-01
4.062500000000001110e-01 6.130758478847273540e-01
4.150625000000000009e-01 6.735338252065377063e-01
4.239999999999999325e-01 7.343925361489316295e-01
4.330624999999999059e-01 7.952291341468159525e-01
4.422500000000000320e-01 8.557714045075082154e-01
4.515624999999999778e-01 9.159399695544859776e-01
4.609999999999999654e-01 9.758871968835576283e-01
4.705624999999999947e-01 1.036049712672759915e+00
4.802500000000000657e-01 1.056144874546809165e+00
4.900625000000000675e-01 1.117824842387401540e+00
5.000000000000001110e-01 1.182977716397590529e+00
5.100625000000000853e-01 1.253140394701862448e+00
5.202500000000001013e-01 1.328803720842576475e+00
5.305625000000000480e-01 1.410116406994292193e+00
5.409999999999999254e-01 1.497164579378858384e+00
5.515624999999999556e-01 1.536760890264115886e+00
5.622499999999999165e-01 1.633369957139430229e+00
5.730625000000000302e-01 1.735442009036519684e+00
5.839999999999999636e-01 1.842630978303893663e+00
5.950625000000000497e-01 1.954411360170764667e+00
6.062500000000000666e-01 2.070072238387162589e+00
6.175625000000000142e-01 2.189128482685027688e+00
6.290000000000000036e-01 2.242258254059068534e+00
6.405625000000000346e-01 2.366040058613046337e+00
6.522500000000001075e-01 2.492893235560502241e+00
6.640625000000000000e-01 2.622657064125534898e+00
6.759999999999999343e-01 2.755174728803672757e+00
6.880624999999999103e-01 2.890298376979667072e+00
7.002499999999999281e-01 2.944749386801445379e+00
7.125624999999999876e-01 3.083849557076755676e+00
7.249999999999999778e-01 3.225561168241223964e+00
7.375625000000000098e-01 3.369868068127090055e+00
7.502499999999999725e-01 3.516796310152757954e+00
7.630624999999999769e-01 3.666421499164033815e+00
7.760000000000000231e-01 3.722938326228235617e+00
7.890625000000000000e-01 3.878391282914443572e+00
8.022500000000000187e-01 4.037558850924270359e+00
8.155624999999999680e-01 4.200676907154224260e+00
8.290000000000000702e-01 4.367630975340067501e+00
8.425625000000001030e-01 4.538223507607390239e+00
8.562500000000000666e-01 4.604694495595706094e+00
8.700625000000000719e-01 4.782784397854015879e+00
8.840000000000001190e-01 4.964282120253275643e+00
8.980625000000002078e-01 5.148917732499977973e+00
9.122500000000001164e-01 5.336387060766373480e+00
9.265625000000000666e-01 5.407467082871537656e+00
9.409999999999999476e-01 5.601287505349780815e+00
9.555624999999998703e-01 5.797493719307997395e+00
9.702499999999999458e-01 5.995707873414801270e+00
9.850624999999999520e-01 6.195517153612390082e+00
9.999999999999998890e-01 6.396608626829237032e+00
1.015062499999999979e+00 6.471795362347235958e+00
1.030250000000000110e+00 6.677828228970368762e+00
1.045562499999999950e+00 6.885259983590687582e+00
1.061000000000000165e+00 7.093707503854877139e+00
1.076562500000000089e+00 7.165078627817523582e+00
1.092250000000000165e+00 7.378344195108818226e+00
1.108062500000000172e+00 7.592218409057875483e+00
1.124000000000000110e+00 7.806290735074970399e+00
1.140062500000000201e+00 8.020127958327547546e+00
1.156250000000000222e+00 8.089555369898439707e+00
1.172562500000000174e+00 8.307145816945014971e+00
1.189000000000000279e+00 8.524146013173446335e+00
1.205562500000000092e+00 8.740133382985945332e+00
1.222250000000000281e+00 8.954872229656464455e+00
1.239062500000000178e+00 9.020741595914746114e+00
1.256000000000000227e+00 9.238420571812254067e+00
1.273062500000000208e+00 9.454428056775732614e+00
1.290250000000000341e+00 9.668270624203763930e+00
1.307562500000000405e+00 9.725711538923370370e+00
1.325000000000000400e+00 9.941890667396011239e+00
1.342562499999999881e+00 1.015556652354434064e+01
1.360250000000000181e+00 1.036626050548522926e+01
1.378062499999999968e+00 1.041410190788701762e+01
1.395999999999999908e+00 1.062647532754304791e+01
1.414062500000000000e+00 1.083567165951609468e+01
1.432249999999999801e+00 1.104125287840187397e+01
1.450562499999999977e+00 1.107942298170762818e+01
1.469000000000000083e+00 1.128653144884227544e+01
1.487562500000000121e+00 1.149003747638634287e+01
1.506250000000000089e+00 1.168956268195327652e+01
1.525062500000000210e+00 1.171911642238240603e+01
1.544000000000000039e+00 1.192025105850309430e+01
1.563062500000000021e+00 1.211707157514306310e+01
1.582250000000000156e+00 1.230897278941267103e+01
1.601562500000000222e+00 1.232957230844112573e+01
1.621000000000000218e+00 1.252200931735203682e+01
1.640562500000000146e+00 1.270906772689799169e+01
1.660250000000000448e+00 1.289013115730687709e+01
1.680062500000000236e+00 1.290072622325741669e+01
1.700000000000000400e+00 1.308140751937238555e+01
1.720062500000000272e+00 1.325569430934171500e+01
1.740250000000000519e+00 1.342296969590224265e+01
1.760562500000000252e+00 1.342302276052971699e+01
1.781000000000000361e+00 1.358924871758133612e+01
1.801562500000000400e+00 1.374815752101942046e+01
1.822250000000000369e+00 1.389949802732078865e+01
1.843062500000000048e+00 1.388875885114090991e+01
1.863999999999999879e+00 1.403835472519940630e+01
1.885062499999999863e+00 1.417984425198513421e+01
1.906250000000000000e+00 1.415302740703504369e+01
1.927562499999999845e+00 1.429268048396137480e+01
1.948999999999999844e+00 1.442414165955122840e+01
1.970562500000000217e+00 1.454725324611326975e+01
1.992250000000000076e+00 1.451122142679691152e+01
2.014062500000000089e+00 1.463250679082013761e+01
2.036000000000000032e+00 1.474554703880026807e+01
2.058062500000000128e+00 1.469699808856333156e+01
2.080249999999999932e+00 1.481088538902195495e+01
2.102562499999999890e+00 1.491734036635497063e+01
2.125000000000000444e+00 1.485905996171208621e+01
2.147562500000000263e+00 1.496603613245108022e+01
2.170250000000000234e+00 1.506531708498014588e+01
2.193062500000000359e+00 1.515627894506270934e+01
2.216000000000000192e+00 1.509669074435529801e+01
2.239062500000000178e+00 1.518796610086091903e+01
2.262250000000000316e+00 1.527069142279781744e+01
2.285562500000000608e+00 1.520150221875474372e+01
2.309000000000000608e+00 1.528405060552410433e+01
2.332562500000000316e+00 1.535784151978370815e+01
2.356250000000000178e+00 1.527943125777884781e+01
2.380062500000000192e+00 1.535265325196558450e+01
2.403999999999999915e+00 1.541693943114811738e+01
2.428062499999999790e+00 1.532978034518315269e+01
2.452249999999999819e+00 1.539320854933740179e+01
2.476562500000000000e+00 1.544755634076380879e+01
2.500999999999999890e+00 1.535222119232429172e+01
2.525562499999999932e+00 1.540552817973173561e+01
2.550250000000000128e+00 1.544964747969838825e+01
2.575062500000000032e+00 1.534681470710122575e+01
2.600000000000000089e+00 1.538981847491507438e+01
2.625062500000000743e+00 1.542356700479844100e+01
2.650250000000000217e+00 1.531402288259024402e+01
2.675562500000000288e+00 1.534668955337370555e+01
2.701000000000000068e+00 1.537007430776390926e+01
2.726562500000000000e+00 1.525471229853926758e+01
2.752250000000000085e+00 1.527715592682096712e+01
2.778062499999999879e+00 1.529033168408107990e+01
2.804000000000000270e+00 1.517014926018691057e+01
2.830062499999999481e+00 1.518262872393400187e+01
2.856250000000000178e+00 1.518589363463436115e+01
2.882562500000000139e+00 1.506198694889735989e+01
2.909000000000000252e+00 1.506490003039485082e+01
2.935562499999999631e+00 1.505868842269300245e+01
2.962250000000000050e+00 1.493224530846035059e+01
2.989062499999999734e+00 1.492612018876010360e+01
3.016000000000000458e+00 1.491098953120613579e+01
3.043062500000000004e+00 1.478322065975644151e+01
3.070250000000000590e+00 1.476849136377887106e+01
3.097562499999999996e+00 1.474508255771042542e+01
3.125000000000000444e+00 1.461622555102897536e+01
3.152562500000000156e+00 1.459281148068747669e+01
3.180250000000000465e+00 1.445497818412751023e+01
3.208062500000000039e+00 1.443160434586045859e+01
3.236000000000000654e+00 1.439944663135676706e+01
3.264062500000000089e+00 1.426184569550091652e+01
3.292250000000001009e+00 1.422983547438419549e+01
3.320562499999999861e+00 1.418934951702221703e+01
3.349000000000000643e+00 1.405216152364519466e+01
3.377562500000000245e+00 1.401156821479877124e+01
3.406250000000000444e+00 1.386721331681162361e+01
3.435062500000000352e+00 1.382668033463814972e+01
3.463999999999999968e+00 1.377761280855681747e+01
3.493062500000000181e+00 1.363508380041930224e+01
3.522249999999999659e+00 1.358631059997789237e+01
3.551562500000000622e+00 1.343755442137769762e+01
3.580999999999999961e+00 1.338891263798464593e+01
3.610562500000000341e+00 1.333210022069327216e+01
3.640249999999999986e+00 1.318621319880090859e+01
3.670062500000000227e+00 1.312983076004634952e+01
3.699999999999999734e+00 1.306560648388487778e+01
3.730062500000000281e+00 1.292292818731435489e+01
3.760250000000000092e+00 1.285908084587298816e+01
3.790562500000000501e+00 1.271216915074000298e+01
3.821000000000000174e+00 1.264900683026058203e+01
3.851562500000000888e+00 1.249830137159696264e+01
3.882249999999999979e+00 1.243578266541417321e+01
3.913062500000000998e+00 1.236583613228962797e+01
3.944000000000000394e+00 1.222016232995581220e+01
3.975062500000000387e+00 1.215124836489840376e+01
4.006249999999999645e+00 1.200287089150405251e+01
4.037562500000000831e+00 1.193497571334328988e+01
4.068999999999999950e+00 1.185995811773477016e+01
4.100562500000000554e+00 1.171752491597853130e+01
4.132249999999999979e+00 1.164369859239618776e+01
4.164062500000000000e+00 1.149922301964719651e+01
4.195999999999999730e+00 1.142643318224778426e+01
4.228062499999999169e+00 1.128037629224462179e+01
4.260250000000000092e+00 1.120849379914050559e+01
4.292562499999998948e+00 1.112988589266698014e+01
4.325000000000000178e+00 1.099019516328817758e+01
4.357562499999999339e+00 1.091265927854573725e+01
4.390249999999999986e+00 1.077183690064538268e+01
4.423062499999999453e+00 1.069527244398131316e+01
4.456000000000000405e+00 1.055370521252264204e+01
4.489062499999999289e+00 1.047803124287165133e+01
4.522249999999999659e+00 1.039630137227260143e+01
4.555562499999999737e+00 1.026122723032214701e+01
4.589000000000000412e+00 1.018026056500702659e+01
4.622562499999999019e+00 1.004513890317067570e+01
4.656250000000000000e+00 9.965190337939091592e+00
4.690062499999999801e+00 9.830032668020727726e+00
4.724000000000000199e+00 9.751056034667152872e+00
4.758062499999999417e+00 9.616163585987358431e+00
4.792250000000000121e+00 9.538125723819351975e+00
4.826562499999999645e+00 9.403775936156753446e+00
4.861000000000000654e+00 9.326655087265308453e+00
4.895562499999999595e+00 9.244210898142283028e+00
4.930250000000000909e+00 9.116887981939331809e+00
4.965062500000000156e+00 9.035277488851255256e+00
5.000000000000000888e+00 8.909056869037346615e+00
5.035062500000000441e+00 8.828547326264830630e+00
5.070249999999998813e+00 8.703364464817708424e+00
5.105562499999999559e+00 8.623910884585393788e+00
5.141000000000000014e+00 8.499929895211172592e+00
5.176562500000000178e+00 8.421479942596230117e+00
5.212249999999999162e+00 8.298848335213445893e+00
5.248062499999999631e+00 8.221358080130146462e+00
5.283999999999998920e+00 8.100210426045460821e+00
5.320062499999999694e+00 8.023643420196465925e+00
5.356249999999999289e+00 7.904102470841468886e+00
5.392562500000000369e+00 7.828428900639766042e+00
5.428999999999998494e+00 7.710606571931592157e+00
5.465562500000000767e+00 7.635802478551517503e+00
5.502249999999999197e+00 7.519800714822200582e+00
5.539062500000000000e+00 7.445847275106145524e+00
5.575999999999999623e+00 7.331758815214555192e+00
5.613062500000000732e+00 7.258641676831074641e+00
5.650249999999999773e+00 7.146550732776046466e+00
5.687562500000000298e+00 7.074259398734778159e+00
5.724999999999999645e+00 6.997890477132263420e+00
5.762562500000001364e+00 6.892769518583567567e+00
5.800250000000000128e+00 6.784895096746153875e+00
5.838062500000000377e+00 6.714236490265530932e+00
5.875999999999999446e+00 6.608566805243651032e+00
5.914062500000000888e+00 6.538720140525990487e+00
5.952249999999999375e+00 6.435310765814638678e+00
5.990562500000000234e+00 6.366275655196037775e+00
6.028999999999999915e+00 6.265175571422457068e+00
6.067562499999999304e+00 6.196946643605579119e+00
6.106250000000000178e+00 6.098181266650313681e+00
6.145062499999998984e+00 6.030733072103540593e+00
6.184000000000000163e+00 5.934312339744328035e+00
6.223062499999999275e+00 5.867619507936855605e+00
6.262249999999999872e+00 5.773550563616266729e+00
6.301562499999999289e+00 5.707589980566952548e+00
6.341000000000001080e+00 5.615877445468653306e+00
6.380562499999999915e+00 5.550627932912814089e+00
6.420250000000000234e+00 5.461274133491642147e+00
6.460062499999999375e+00 5.396716144270637727e+00
6.500000000000000888e+00 5.309721321184127873e+00
6.540062499999999446e+00 5.245836648560840310e+00
6.580250000000000377e+00 5.161199148983167007e+00
6.620562500000000128e+00 5.098131148103941968e+00
6.661000000000001364e+00 5.015687104754948500e+00
6.701562499999999645e+00 4.932072598498742799e+00
6.742250000000000298e+00 4.873163923550108301e+00
6.783062499999999773e+00 4.791938038637114872e+00
6.824000000000000732e+00 4.733607487958475524e+00
6.865062499999999623e+00 4.654758469001392562e+00
6.906250000000000888e+00 4.596994728721552015e+00
6.947562500000000085e+00 4.520509832737745981e+00
6.989000000000000767e+00 4.463301526751265236e+00
7.030562500000000270e+00 4.389166963279946820e+00
7.072249999999999481e+00 4.332637378907280734e+00
7.114062499999999289e+00 4.260695308717838969e+00
7.155999999999998806e+00 4.188031370822865362e+00
7.198062500000000696e+00 4.135048300811935640e+00
7.240249999999998742e+00 4.064692357641834342e+00
7.282562500000000050e+00 4.012178960680391704e+00
7.324999999999999289e+00 3.944103149636497108e+00
7.367562500000000902e+00 3.892040699623414479e+00
7.410249999999998671e+00 3.826217693512376172e+00
7.453062499999999702e+00 3.759803486009917872e+00
7.495999999999998664e+00 3.710990265096982377e+00
7.539062500000000888e+00 3.646792057036678969e+00
7.582250000000000156e+00 3.598375336790105461e+00
7.625562500000000021e+00 3.536364496140572022e+00
7.668999999999999595e+00 3.488327445795961879e+00
7.712562500000000654e+00 3.428476103301459244e+00
7.756249999999999645e+00 3.368216481527937400e+00
7.800062500000001009e+00 3.323082182854030009e+00
7.843999999999999417e+00 3.264935425668118896e+00
7.888062500000001087e+00 3.220137915949770502e+00
7.932249999999999801e+00 3.164075738266518556e+00
7.976562500000001776e+00 3.107750630758556731e+00
8.021000000000000796e+00 3.065593268957214068e+00
8.065562500000000412e+00 3.011299858168669186e+00
8.110249999999998849e+00 2.969439543862352870e+00
8.155062499999999659e+00 2.917144207901133157e+00
8.200000000000001066e+00 2.864688639779734203e+00
8.245062499999999517e+00 2.825227924569888138e+00
8.290250000000000341e+00 2.774706390779281051e+00
8.335562499999999986e+00 2.735495910117446527e+00
8.381000000000000227e+00 2.686875865286683762e+00
8.426562499999999289e+00 2.638168224179199495e+00
8.472250000000000725e+00 2.601144193874576516e+00
8.518062499999999204e+00 2.554274019672521767e+00
8.564000000000000057e+00 2.517458936825740068e+00
8.610062499999999730e+00 2.472395884087134732e+00
8.656250000000000000e+00 2.427296382242818407e+00
8.702562499999999091e+00 2.392483358112392100e+00
8.749000000000000554e+00 2.349127747189775572e+00
8.795562500000000838e+00 2.314560228709055867e+00
8.842250000000001720e+00 2.272846381714987984e+00
8.889062499999999645e+00 2.231204332864090478e+00
8.936000000000001720e+00 2.198403732343280570e+00
8.983062499999999062e+00 2.158415637731172065e+00
9.030250000000000554e+00 2.118481141584460659e+00
9.077562500000000867e+00 2.087391393638313275e+00
9.125000000000000000e+00 2.049050083173506565e+00
9.172562499999999730e+00 2.018149529383077567e+00
9.220250000000000057e+00 1.981311898581535447e+00
9.268062500000000981e+00 1.944603168848288766e+00
9.315999999999998948e+00 1.915221211319270145e+00
9.364062500000001066e+00 1.880022257093251881e+00
9.412249999999998451e+00 1.844924102657038434e+00
9.460562499999999986e+00 1.817020679512068471e+00
9.508999999999998565e+00 1.783374981643977009e+00
9.557562500000001293e+00 1.749859114622993816e+00
9.606249999999999289e+00 1.723338923194202010e+00
9.655062500000001435e+00 1.691219651275827296e+00
9.703999999999998849e+00 1.659252788956802949e+00
9.753062500000000412e+00 1.634028804537070334e+00
9.802249999999999019e+00 1.603404206098904883e+00
9.851562500000000000e+00 1.572949134963330886e+00
9.900999999999999801e+00 1.548941549746037483e+00
9.950562500000000199e+00 1.519776001188457348e+00
1.000024999999999942e+01 1.490792478061698345e+00
1.005006250000000101e+01 1.467927538496850426e+00
1.009999999999999964e+01 1.440180700215253573e+00
