# Energy [MeV] 	-	 Rate [MeV^-1 s^-1]
1.000000000000000056e-01 1.032629446260568065e-07
1.000624999999999987e-01 9.965725012131216184e-08
1.002500000000000058e-01 1.118523727202221102e-07
1.005624999999999991e-01 1.352401713883392982e-07
1.010000000000000064e-01 1.754921461333164951e-07
1.015625000000000000e-01 2.431362714044737084e-07
1.022500000000000075e-01 3.573110212339378599e-07
1.030625000000000013e-01 5.526782416882627307e-07
1.040000000000000091e-01 8.917984710534945153e-07
1.050625000000000031e-01 1.486438862304755270e-06
1.062500000000000111e-01 2.532114336803588402e-06
1.075625000000000053e-01 4.358947663930096908e-06
1.089999999999999997e-01 7.495111219531869531e-06
1.105625000000000080e-01 1.272160759248031162e-05
1.122500000000000026e-01 2.106636571013857876e-05
1.140625000000000111e-01 3.365172288438056982e-05
1.160000000000000059e-01 5.130795627594444573e-05
1.180625000000000147e-01 7.395336059530539373e-05
1.202499999999999958e-01 9.994528560533997555e-05
1.225625000000000048e-01 1.258332866365948573e-04
1.250000000000000000e-01 1.469569656459190823e-04
1.275624999999999953e-01 1.589265280576083713e-04
1.302500000000000047e-01 1.593582287564763956e-04
1.330625000000000002e-01 1.488666124630435997e-04
1.360000000000000098e-01 1.306960669261632844e-04
1.390625000000000056e-01 1.092735047538020781e-04
1.422500000000000153e-01 8.860908576058571743e-05
1.455625000000000113e-01 7.136703995423131230e-05
1.490000000000000213e-01 5.882896043606562514e-05
1.525624999999999898e-01 5.135448937843743532e-05
1.562500000000000000e-01 4.814791694131744909e-05
1.600624999999999964e-01 4.847827536473390967e-05
1.640000000000000069e-01 5.233309868357530393e-05
1.680625000000000036e-01 6.037989793162036736e-05
1.722500000000000142e-01 7.409659448477809928e-05
1.765625000000000111e-01 9.091858808980456867e-05
1.809999999999999942e-01 1.235358068400985057e-04
1.855625000000000191e-01 1.739591388080873719e-04
1.902500000000000024e-01 2.505925873666569421e-04
1.950625000000000275e-01 3.636190714566710138e-04
2.000000000000000111e-01 5.219615823350162937e-04
2.050625000000000364e-01 7.286426854948159070e-04
2.102499999999999925e-01 9.852478482678876485e-04
2.155624999999999902e-01 1.290152526650710160e-03
2.210000000000000020e-01 1.636262266227733525e-03
2.265625000000000278e-01 2.010873736657859106e-03
2.322500000000000120e-01 2.396641984115590804e-03
2.380625000000000380e-01 2.773626624850072681e-03
2.439999999999999947e-01 3.122079388931731699e-03
2.500624999999999654e-01 3.274805770881856603e-03
2.562499999999999778e-01 3.513001048454110053e-03
2.625625000000000320e-01 3.694213978715926890e-03
2.690000000000000169e-01 3.822045177742880787e-03
2.755625000000000435e-01 3.906809638750566131e-03
2.822500000000000009e-01 3.964425393563539984e-03
2.890625000000000000e-01 4.015297459552812608e-03
2.960000000000000409e-01 4.083801441118815705e-03
3.030625000000000124e-01 4.198535110587080059e-03
3.102500000000000258e-01 4.379077029914227662e-03
3.175624999999999698e-01 4.630714201075056095e-03
3.249999999999999556e-01 4.959620395353559440e-03
3.325624999999999831e-01 5.175695480080450342e-03
3.402500000000000524e-01 5.668795760053594625e-03
3.480625000000000524e-01 6.263033592413922053e-03
3.559999999999999831e-01 6.967976850221983820e-03
3.640625000000000666e-01 7.791662577074551753e-03
3.722500000000000808e-01 8.738611027096535380e-03
3.805625000000000258e-01 9.807116961086706150e-03
3.890000000000000124e-01 1.098580369115249172e-02
3.975625000000000409e-01 1.224961007387376580e-02
4.062500000000001110e-01 1.312199489786216450e-02
4.150625000000000009e-01 1.441747357889678130e-02
4.239999999999999325e-01 1.572210915280414581e-02
4.330624999999999059e-01 1.702693440668874916e-02
4.422500000000000320e-01 1.832620542529966173e-02
4.515624999999999778e-01 1.961830706126198309e-02
4.609999999999999654e-01 2.090658990774220405e-02
4.705624999999999947e-01 2.220016054254741675e-02
4.802500000000000657e-01 2.284020017428087246e-02
4.900625000000000675e-01 2.417756719922981024e-02
5.000000000000001110e-01 2.559096810997225219e-02
5.100625000000000853e-01 2.711379221639730053e-02
5.202500000000001013e-01 2.875683240956394826e-02
5.305625000000000480e-01 3.052350489271915546e-02
5.409999999999999254e-01 3.241589635628096266e-02
5.515624999999999556e-01 3.353575699673030930e-02
5.622499999999999165e-01 3.564994497243567650e-02
5.730625000000000302e-01 3.788488242489681385e-02
5.839999999999999636e-01 4.023324428230337646e-02
5.950625000000000497e-01 4.268380398243009494e-02
6.062500000000000666e-01 4.522129840082726726e-02
6.175625000000000142e-01 4.783540713453341559e-02
6.290000000000000036e-01 4.932909315262503508e-02
6.405625000000000346e-01 5.206229480168256263e-02
6.522500000000001075e-01 5.486533267700402505e-02
6.640625000000000000e-01 5.773494022191674735e-02
6.759999999999999343e-01 6.066795741223514338e-02
6.880624999999999103e-01 6.366144416190284983e-02
7.002499999999999281e-01 6.524812494768129911e-02
7.125624999999999876e-01 6.834395859815459162e-02
7.249999999999999778e-01 7.150050382535935722e-02
7.375625000000000098e-01 7.471772024911570165e-02
7.502499999999999725e-01 7.799653186806371208e-02
7.630624999999999769e-01 8.133899480623582590e-02
7.760000000000000231e-01 8.302855406898612678e-02
7.890625000000000000e-01 8.651385986167574316e-02
8.022500000000000187e-01 9.008559233358165441e-02
8.155624999999999680e-01 9.374942233042274364e-02
8.290000000000000702e-01 9.750324590858952534e-02
8.425625000000001030e-01 1.013431472133965033e-01
8.562500000000000666e-01 1.033075852265122746e-01
8.700625000000000719e-01 1.073276814897198284e-01
8.840000000000001190e-01 1.114287989006449708e-01
8.980625000000002078e-01 1.156053811136801973e-01
9.122500000000001164e-01 1.198511468284919890e-01
9.265625000000000666e-01 1.219618585394511706e-01
9.409999999999999476e-01 1.263619584342078606e-01
9.555624999999998703e-01 1.308210834561999159e-01
9.702499999999999458e-01 1.353312592902929101e-01
9.850624999999999520e-01 1.398837679579213455e-01
9.999999999999998890e-01 1.444691584315264954e-01
1.015062499999999979e+00 1.467174684859999523e-01
1.030250000000000110e+00 1.514265106019793139e-01
1.045562499999999950e+00 1.561737929171490014e-01
1.061000000000000165e+00 1.609512943901017790e-01
1.076562500000000089e+00 1.631398721725445533e-01
1.092250000000000165e+00 1.680346650032783218e-01
1.108062500000000172e+00 1.729500579855400844e-01
1.124000000000000110e+00 1.778773771266420889e-01
1.140062500000000201e+00 1.828074898339901999e-01
1.156250000000000222e+00 1.849767902064603786e-01
1.172562500000000174e+00 1.899980023127139095e-01
1.189000000000000279e+00 1.950133762526184145e-01
1.205562500000000092e+00 2.000139947417912123e-01
1.222250000000000281e+00 2.049906616231088052e-01
1.239062500000000178e+00 2.070990807948783208e-01
1.256000000000000227e+00 2.121504246565798502e-01
1.273062500000000208e+00 2.171720931813711231e-01
1.290250000000000341e+00 2.221535888499709677e-01
1.307562500000000405e+00 2.240786153115907897e-01
1.325000000000000400e+00 2.291150583796676410e-01
1.342562499999999881e+00 2.341028449874730522e-01
1.360250000000000181e+00 2.390317969308417279e-01
1.378062499999999968e+00 2.407452755764606378e-01
1.395999999999999908e+00 2.457126584252513346e-01
1.414062500000000000e+00 2.506159689433483106e-01
1.432249999999999801e+00 2.554459545939413712e-01
1.450562499999999977e+00 2.569402806291004038e-01
1.469000000000000083e+00 2.618037560473656100e-01
1.487562500000000121e+00 2.665934649883183183e-01
1.506250000000000089e+00 2.713015406095775073e-01
1.525062500000000210e+00 2.725954912393923624e-01
1.544000000000000039e+00 2.773375789263871627e-01
1.563062500000000021e+00 2.819895540612277207e-01
1.582250000000000156e+00 2.865382783180884241e-01
1.601562500000000222e+00 2.876185901497889663e-01
1.621000000000000218e+00 2.921748644710221998e-01
1.640562500000000146e+00 2.966164026879591908e-01
1.660250000000000448e+00 3.009297951199619292e-01
1.680062500000000236e+00 3.017663388526916624e-01
1.700000000000000400e+00 3.060642008022517180e-01
1.720062500000000272e+00 3.102237518041694453e-01
1.740250000000000519e+00 3.142315642493167527e-01
1.760562500000000252e+00 3.148059205515417736e-01
1.781000000000000361e+00 3.187807987461763193e-01
1.801562500000000400e+00 3.225959077754127491e-01
1.822250000000000369e+00 3.262381167407986671e-01
1.843062500000000048e+00 3.265468318262370051e-01
1.863999999999999879e+00 3.301462183980071741e-01
1.885062499999999863e+00 3.335674685050433186e-01
1.906250000000000000e+00 3.334875818722307095e-01
1.927562499999999845e+00 3.368555860428115167e-01
1.948999999999999844e+00 3.400426113297780883e-01
1.970562500000000217e+00 3.430371045505245520e-01
1.992250000000000076e+00 3.427202637548315001e-01
2.014062500000000089e+00 3.456688168323710508e-01
2.036000000000000032e+00 3.484353794537815574e-01
2.058062500000000128e+00 3.478064063533269912e-01
2.080249999999999932e+00 3.505815229467031391e-01
2.102562499999999890e+00 3.531931902648759447e-01
2.125000000000000444e+00 3.523240903037044847e-01
2.147562500000000263e+00 3.549369445537414181e-01
2.170250000000000234e+00 3.573795172028704226e-01
2.193062500000000359e+00 3.596380745528416911e-01
2.216000000000000192e+00 3.587020899656007122e-01
2.239062500000000178e+00 3.609555225089422503e-01
2.262250000000000316e+00 3.630188342366680865e-01
2.285562500000000608e+00 3.618421130251714968e-01
2.309000000000000608e+00 3.638888846092572793e-01
2.332562500000000316e+00 3.657400175148388666e-01
2.356250000000000178e+00 3.643295063502182130e-01
2.380062500000000192e+00 3.661549288859464180e-01
2.403999999999999915e+00 3.677799158979579985e-01
2.428062499999999790e+00 3.661449736288895362e-01
2.452249999999999819e+00 3.677374593360548949e-01
2.476562500000000000e+00 3.691255458809392098e-01
2.500999999999999890e+00 3.672781459527156844e-01
2.525562499999999932e+00 3.686294233171870105e-01
2.550250000000000128e+00 3.697732587427002282e-01
2.575062500000000032e+00 3.677281197499706611e-01
2.600000000000000089e+00 3.688333889386590236e-01
2.625062500000000743e+00 3.697291546102471349e-01
2.650250000000000217e+00 3.675037998627597169e-01
2.675562500000000288e+00 3.683618210705458251e-01
2.701000000000000068e+00 3.690092893443080446e-01
2.726562500000000000e+00 3.666240385646397648e-01
2.752250000000000085e+00 3.672371495333612290e-01
2.778062499999999879e+00 3.676396706818093607e-01
2.804000000000000270e+00 3.651175694746693901e-01
2.830062499999999481e+00 3.654916314033405667e-01
2.856250000000000178e+00 3.656560485979195585e-01
2.882562500000000139e+00 3.630227440074396683e-01
2.909000000000000252e+00 3.631670181171904321e-01
2.935562499999999631e+00 3.631035136001909414e-01
2.962250000000000050e+00 3.603870867302961800e-01
2.989062499999999734e+00 3.603140467042150741e-01
3.016000000000000458e+00 3.600358451255988856e-01
3.043062500000000004e+00 3.572651461624783975e-01
3.070250000000000590e+00 3.569850661828199434e-01
3.097562499999999996e+00 3.564973339454196588e-01
3.125000000000000444e+00 3.536880206544605887e-01
3.152562500000000156e+00 3.531987797336335611e-01
3.180250000000000465e+00 3.501622240950489906e-01
3.208062500000000039e+00 3.496635619750945168e-01
3.236000000000000654e+00 3.489635721620591990e-01
3.264062500000000089e+00 3.459097788986446043e-01
3.292250000000001009e+00 3.452029553449366683e-01
3.320562499999999861e+00 3.442922327982343433e-01
3.349000000000000643e+00 3.412354739512981627e-01
3.377562500000000245e+00 3.403216259065815485e-01
3.406250000000000444e+00 3.370792325785867405e-01
3.435062500000000352e+00 3.361573792142224515e-01
3.463999999999999968e+00 3.350390164565553164e-01
3.493062500000000181e+00 3.318181423007218744e-01
3.522249999999999659e+00 3.306974161845552818e-01
3.551562500000000622e+00 3.273220380083248227e-01
3.580999999999999961e+00 3.261958350965736275e-01
3.610562500000000341e+00 3.248810224644256839e-01
3.640249999999999986e+00 3.215529386055483441e-01
3.670062500000000227e+00 3.202398647467937787e-01
3.699999999999999734e+00 3.187368418696631123e-01
3.730062500000000281e+00 3.154739297329254288e-01
3.760250000000000092e+00 3.139806428453595366e-01
3.790562500000000501e+00 3.106017161508390911e-01
3.821000000000000174e+00 3.091170972770813652e-01
3.851562500000000888e+00 3.056411694769309850e-01
3.882249999999999979e+00 3.041648963154394703e-01
3.913062500000000998e+00 3.025166097477114957e-01
3.944000000000000394e+00 2.991422066353192633e-01
3.975062500000000387e+00 2.975117257920647518e-01
4.006249999999999645e+00 2.940666162674787643e-01
4.037562500000000831e+00 2.924542377285462846e-01
4.068999999999999950e+00 2.906767208464843821e-01
4.100562500000000554e+00 2.873564361290708025e-01
4.132249999999999979e+00 2.856011963506370765e-01
4.164062500000000000e+00 2.822262935407510720e-01
4.195999999999999730e+00 2.804901089640592371e-01
4.228062499999999169e+00 2.770713401925464225e-01
4.260250000000000092e+00 2.753515594930444621e-01
4.292562499999998948e+00 2.734752849462180335e-01
4.325000000000000178e+00 2.701932922093278622e-01
4.357562499999999339e+00 2.683373956870291344e-01
4.390249999999999986e+00 2.650227368686565166e-01
4.423062499999999453e+00 2.631852176961779199e-01
4.456000000000000405e+00 2.598470416554138906e-01
4.489062499999999289e+00 2.580263384394362869e-01
4.522249999999999659e+00 2.560570176093606154e-01
4.555562499999999737e+00 2.528680410106864951e-01
4.589000000000000412e+00 2.509200231172672990e-01
4.622562499999999019e+00 2.477173279019841967e-01
4.656250000000000000e+00 2.457895849346662664e-01
4.690062499999999801e+00 2.425809389989175002e-01
4.724000000000000199e+00 2.406726975924764478e-01
4.758062499999999417e+00 2.374653648532318029e-01
4.792250000000000121e+00 2.355761425697492639e-01
4.826562499999999645e+00 2.323768561376973185e-01
4.861000000000000654e+00 2.305064254648432343e-01
4.895562499999999595e+00 2.285047126015670449e-01
4.930250000000000909e+00 2.254697854757831965e-01
4.965062500000000156e+00 2.234916596031901737e-01
5.000000000000000888e+00 2.204722021362036655e-01
5.035062500000000441e+00 2.185176303635357753e-01
5.070249999999998813e+00 2.155189375088882864e-01
5.105562499999999559e+00 2.135870779021237509e-01
5.141000000000000014e+00 2.106131974973812493e-01
5.176562500000000178e+00 2.087030047932028620e-01
5.212249999999999162e+00 2.057576022867980137e-01
5.248062499999999631e+00 2.038682197793601769e-01
5.283999999999998920e+00 2.009546648326200613e-01
5.320062499999999694e+00 1.990854035970535119e-01
5.356249999999999289e+00 1.962067942174883506e-01
5.392562500000000369e+00 1.943571139643734957e-01
5.428999999999998494e+00 1.915162977551054524e-01
5.465562500000000767e+00 1.896857891294445597e-01
5.502249999999999197e+00 1.868853819450281839e-01
5.539062500000000000e+00 1.850737501406662933e-01
5.575999999999999623e+00 1.823161526481759664e-01
5.613062500000000732e+00 1.805232021985508084e-01
5.650249999999999773e+00 1.778106145633892021e-01
5.687562500000000298e+00 1.760362352075774406e-01
5.724999999999999645e+00 1.741604808385431857e-01
5.762562500000001364e+00 1.716148237313175062e-01
5.800250000000000128e+00 1.689981185073138881e-01
5.838062500000000377e+00 1.672608265347806933e-01
5.875999999999999446e+00 1.646946532908911687e-01
5.914062500000000888e+00 1.629759858050985055e-01
5.952249999999999375e+00 1.604618614560468226e-01
5.990562500000000234e+00 1.587619261922411096e-01
6.028999999999999915e+00 1.563012075012878421e-01
6.067562499999999304e+00 1.546199812100839677e-01
6.106250000000000178e+00 1.522134399787002934e-01
6.145062499999998984e+00 1.505503918096515459e-01
6.184000000000000163e+00 1.481984145787508533e-01
6.223062499999999275e+00 1.465530089185430318e-01
6.262249999999999872e+00 1.442559124541088755e-01
6.301562499999999289e+00 1.426276638363455640e-01
6.341000000000001080e+00 1.403857013627838324e-01
6.380562499999999915e+00 1.387741670235415337e-01
6.420250000000000234e+00 1.365875334192398760e-01
6.460062499999999375e+00 1.349923062050377986e-01
6.500000000000000888e+00 1.328611427950414092e-01
6.540062499999999446e+00 1.312818443722456874e-01
6.580250000000000377e+00 1.292062433626818552e-01
6.620562500000000128e+00 1.276425568819443690e-01
6.661000000000001364e+00 1.256225263147353333e-01
6.701562499999999645e+00 1.235704838375187853e-01
6.742250000000000298e+00 1.221096577723773252e-01
6.783062499999999773e+00 1.201142075117992286e-01
6.824000000000000732e+00 1.186672764117843171e-01
6.865062499999999623e+00 1.167282567490356693e-01
6.906250000000000888e+00 1.152949910988254195e-01
6.947562500000000085e+00 1.134122122597633064e-01
6.989000000000000767e+00 1.119923785646003839e-01
7.030562500000000270e+00 1.101656209823750204e-01
7.072249999999999481e+00 1.087589558036011622e-01
7.114062499999999289e+00 1.069877884260503481e-01
7.155999999999998806e+00 1.051959602486314121e-01
7.198062500000000696e+00 1.038777122736966735e-01
7.240249999999998742e+00 1.021411078049649923e-01
7.282562500000000050e+00 1.008343736321021811e-01
7.324999999999999289e+00 9.915241045205769321e-02
7.367562500000000902e+00 9.785675738350102515e-02
7.410249999999998671e+00 9.622886208639752637e-02
7.453062499999999702e+00 9.458671875821161867e-02
7.495999999999998664e+00 9.336945912853156226e-02
7.539062500000000888e+00 9.178060658181606823e-02
7.582250000000000156e+00 9.057319744380785964e-02
7.625562500000000021e+00 8.903702171233125739e-02
7.668999999999999595e+00 8.783906927248358310e-02
7.712562500000000654e+00 8.635497114997171819e-02
7.756249999999999645e+00 8.486106100485411863e-02
7.800062500000001009e+00 8.373345703435548792e-02
7.843999999999999417e+00 8.229059600415739029e-02
7.888062500000001087e+00 8.117147366390356500e-02
7.932249999999999801e+00 7.977904364867853537e-02
7.976562500000001776e+00 7.838032135469029382e-02
8.021000000000000796e+00 7.732540626605030609e-02
8.065562500000000412e+00 7.597592427864770237e-02
8.110249999999998849e+00 7.492857286192788902e-02
8.155062499999999659e+00 7.362756966718927987e-02
8.200000000000001066e+00 7.232276906430627761e-02
8.245062499999999517e+00 7.133395414640213150e-02
8.290250000000000341e+00 7.007615231125323418e-02
8.335562499999999986e+00 6.909378677034906657e-02
8.381000000000000227e+00 6.788224018517578784e-02
8.426562499999999289e+00 6.666866863025963652e-02
8.472250000000000725e+00 6.573978993097466528e-02
8.518062499999999204e+00 6.457098462232900571e-02
8.564000000000000057e+00 6.364756605780065579e-02
8.610062499999999730e+00 6.252283027279224858e-02
8.656250000000000000e+00 6.139732534223072552e-02
8.702562499999999091e+00 6.052301285734384279e-02
8.749000000000000554e+00 5.944009847668664526e-02
8.795562500000000838e+00 5.857035888124957623e-02
8.842250000000001720e+00 5.752937005677869614e-02
8.889062499999999645e+00 5.648847557721167756e-02
8.936000000000001720e+00 5.566398596343870298e-02
8.983062499999999062e+00 5.466357998607557223e-02
9.030250000000000554e+00 5.366460859391164462e-02
9.077562500000000867e+00 5.288227641534692935e-02
9.125000000000000000e+00 5.192236083398832358e-02
9.172562499999999730e+00 5.114346180735560715e-02
9.220250000000000057e+00 5.022201102595196670e-02
9.268062500000000981e+00 4.930228367596279498e-02
9.315999999999998948e+00 4.856247164054196264e-02
9.364062500000001066e+00 4.767983573628922778e-02
9.412249999999998451e+00 4.679980218843250717e-02
9.460562499999999986e+00 4.609657632172936559e-02
9.508999999999998565e+00 4.525227322363895022e-02
9.557562500000001293e+00 4.441128308017056742e-02
9.606249999999999289e+00 4.374235047029292889e-02
9.655062500000001435e+00 4.293576095275563470e-02
9.703999999999998849e+00 4.213303874861751980e-02
9.753062500000000412e+00 4.149630115758533300e-02
9.802249999999999019e+00 4.072668292687127434e-02
9.851562500000000000e+00 3.996135376315146370e-02
9.900999999999999801e+00 3.935488272676998522e-02
9.950562500000000199e+00 3.862139574688366883e-02
1.000024999999999942e+01 3.789250709669658712e-02
1.005006250000000101e+01 3.731451613794136563e-02
1.009999999999999964e+01 3.661620008253816533e-02
