# Energy [MeV] 	-	 Rate [MeV^-1 s^-1]
1.000000000000000056e-01 1.313696781925834845e-06
1.000624999999999987e-01 1.267825639236232302e-06
1.002500000000000058e-01 1.422970288378229197e-06
1.005624999999999991e-01 1.720506601698527105e-06
1.010000000000000064e-01 2.232586611426367849e-06
1.015625000000000000e-01 3.093145740421837640e-06
1.022500000000000075e-01 4.545660986537592421e-06
1.030625000000000013e-01 7.031095521975780751e-06
1.040000000000000091e-01 1.134533579099328849e-05
1.050625000000000031e-01 1.891026792825479486e-05
1.062500000000000111e-01 3.221320549954354771e-05
1.075625000000000053e-01 5.545392434260671430e-05
1.089999999999999997e-01 9.535175977144026292e-05
1.105625000000000080e-01 1.618425178139612378e-04
1.122500000000000026e-01 2.680033669434840095e-04
1.140625000000000111e-01 4.281125259361977741e-04
1.160000000000000059e-01 6.527326650521613968e-04
1.180625000000000147e-01 9.408243409915213046e-04
1.202499999999999958e-01 1.271489986498627357e-03
1.225625000000000048e-01 1.600833525639490558e-03
1.250000000000000000e-01 1.869566024383107752e-03
1.275624999999999953e-01 2.021841128276754586e-03
1.302500000000000047e-01 2.027333164368812484e-03
1.330625000000000002e-01 1.893860284897914102e-03
1.360000000000000098e-01 1.662697138388015763e-03
1.390625000000000056e-01 1.390162289722318527e-03
1.422500000000000153e-01 1.127272432861644224e-03
1.455625000000000113e-01 9.079215304479015423e-04
1.490000000000000213e-01 7.484138312031115127e-04
1.525624999999999898e-01 6.533246526932225432e-04
1.562500000000000000e-01 6.125310852919530055e-04
1.600624999999999964e-01 6.167338590874878396e-04
1.640000000000000069e-01 6.657743838100107364e-04
1.680625000000000036e-01 7.681446417494942674e-04
1.722500000000000142e-01 9.426465425599970388e-04
1.765625000000000111e-01 1.156653599443052162e-03
1.809999999999999942e-01 1.571605308042881791e-03
1.855625000000000191e-01 2.213083906006579893e-03
1.902500000000000024e-01 3.188003952339139857e-03
1.950625000000000275e-01 4.625911121838712642e-03
2.000000000000000111e-01 6.640322464999733748e-03
2.050625000000000364e-01 9.269690638541081690e-03
2.102499999999999925e-01 1.253418573677081774e-02
2.155624999999999902e-01 1.641314053741265225e-02
2.210000000000000020e-01 2.081630038068517374e-02
2.265625000000000278e-01 2.558205526941785893e-02
2.322500000000000120e-01 3.048974511972744883e-02
2.380625000000000380e-01 3.528569115014314889e-02
2.439999999999999947e-01 3.971865862443798439e-02
2.500624999999999654e-01 4.166162235852134688e-02
2.562499999999999778e-01 4.469190946441136542e-02
2.625625000000000320e-01 4.699727509377995410e-02
2.690000000000000169e-01 4.862352578224865551e-02
2.755625000000000435e-01 4.970188743512159862e-02
2.822500000000000009e-01 5.043486703356434703e-02
2.890625000000000000e-01 5.108205436317240361e-02
2.960000000000000409e-01 5.195355246404748106e-02
3.030625000000000124e-01 5.341317820786900539e-02
3.102500000000000258e-01 5.571000732969699776e-02
3.175624999999999698e-01 5.891130033140234978e-02
3.249999999999999556e-01 6.309559907035292015e-02
3.325624999999999831e-01 6.584447616743732690e-02
3.402500000000000524e-01 7.211762916838347637e-02
3.480625000000000524e-01 7.967744000756944722e-02
3.559999999999999831e-01 8.864562983187053435e-02
3.640625000000000666e-01 9.912444478919046897e-02
3.722500000000000808e-01 1.111713909221758306e-01
3.805625000000000258e-01 1.247647744154969651e-01
3.890000000000000124e-01 1.397598626322184845e-01
3.975625000000000409e-01 1.558378312004261301e-01
4.062500000000001110e-01 1.669361892806120740e-01
4.150625000000000009e-01 1.834170884113861255e-01
4.239999999999999325e-01 2.000144802563940394e-01
4.330624999999999059e-01 2.166142851836236061e-01
4.422500000000000320e-01 2.331434299042158820e-01
4.515624999999999778e-01 2.495813667384945700e-01
4.609999999999999654e-01 2.659707214654994933e-01
4.705624999999999947e-01 2.824273466982116787e-01
4.802500000000000657e-01 2.905698416421441110e-01
4.900625000000000675e-01 3.075836384430322701e-01
5.000000000000001110e-01 3.255647277363624692e-01
5.100625000000000853e-01 3.449378836665386028e-01
5.202500000000001013e-01 3.658404118885865697e-01
5.305625000000000480e-01 3.883157728638378381e-01
5.409999999999999254e-01 4.123905131768076382e-01
5.515624999999999556e-01 4.266372240844942265e-01
5.622499999999999165e-01 4.535336286963142505e-01
5.730625000000000302e-01 4.819661913133863607e-01
5.839999999999999636e-01 5.118417233935951272e-01
5.950625000000000497e-01 5.430174021778059190e-01
6.062500000000000666e-01 5.752990523251523269e-01
6.175625000000000142e-01 6.085553791082933817e-01
6.290000000000000036e-01 6.275578443418838859e-01
6.405625000000000346e-01 6.623292545870936854e-01
6.522500000000001075e-01 6.979891115644540900e-01
6.640625000000000000e-01 7.344958585954750596e-01
6.759999999999999343e-01 7.718092942931241707e-01
6.880624999999999103e-01 8.098920152925801474e-01
7.002499999999999281e-01 8.300775469929284611e-01
7.125624999999999876e-01 8.694623109925583293e-01
7.249999999999999778e-01 9.096194392053850164e-01
7.375625000000000098e-01 9.505484179203798067e-01
7.502499999999999725e-01 9.922610021194038232e-01
7.630624999999999769e-01 1.034783349525671525e+00
7.760000000000000231e-01 1.056277686864060206e+00
7.890625000000000000e-01 1.100617261146624948e+00
8.022500000000000187e-01 1.146056343590333482e+00
8.155624999999999680e-01 1.192667077903622364e+00
8.290000000000000702e-01 1.240422698009300273e+00
8.425625000000001030e-01 1.289273386950086753e+00
8.562500000000000666e-01 1.314264693419885166e+00
8.700625000000000719e-01 1.365407797493972453e+00
8.840000000000001190e-01 1.417581641311256968e+00
8.980625000000002078e-01 1.470715537817715912e+00
9.122500000000001164e-01 1.524729577186408669e+00
9.265625000000000666e-01 1.551581757242879611e+00
9.409999999999999476e-01 1.607559214527546576e+00
9.555624999999998703e-01 1.664287581250084802e+00
9.702499999999999458e-01 1.721665409285336068e+00
9.850624999999999520e-01 1.779581789725687146e+00
9.999999999999998890e-01 1.837916487916430697e+00
1.015062499999999979e+00 1.866519174911540846e+00
1.030250000000000110e+00 1.926426952053844177e+00
1.045562499999999950e+00 1.986821215677794683e+00
1.061000000000000165e+00 2.047599923213124118e+00
1.076562500000000089e+00 2.075442704572905139e+00
1.092250000000000165e+00 2.137713576406107929e+00
1.108062500000000172e+00 2.200246520494435920e+00
1.124000000000000110e+00 2.262931187512487341e+00
1.140062500000000201e+00 2.325651393890761920e+00
1.156250000000000222e+00 2.353248930729024746e+00
1.172562500000000174e+00 2.417128090956726094e+00
1.189000000000000279e+00 2.480932978846242420e+00
1.205562500000000092e+00 2.544550149949139861e+00
1.222250000000000281e+00 2.607862612036870420e+00
1.239062500000000178e+00 2.634685626729439178e+00
1.256000000000000227e+00 2.698948118948210961e+00
1.273062500000000208e+00 2.762833085668914279e+00
1.290250000000000341e+00 2.826206978915084989e+00
1.307562500000000405e+00 2.850696897122516837e+00
1.325000000000000400e+00 2.914769823522635139e+00
1.342562499999999881e+00 2.978223749220154204e+00
1.360250000000000181e+00 3.040929188520932858e+00
1.378062499999999968e+00 3.062727824912718333e+00
1.395999999999999908e+00 3.125922176833252131e+00
1.414062500000000000e+00 3.188301409497340089e+00
1.432249999999999801e+00 3.249747813421890896e+00
1.450562499999999977e+00 3.268758420863366876e+00
1.469000000000000083e+00 3.330630876942240803e+00
1.487562500000000121e+00 3.391564886183177752e+00
1.506250000000000089e+00 3.451460367714426880e+00
1.525062500000000210e+00 3.467921827190668438e+00
1.544000000000000039e+00 3.528250005479340423e+00
1.563062500000000021e+00 3.587431784445360705e+00
1.582250000000000156e+00 3.645300020139645270e+00
1.601562500000000222e+00 3.659043596617351568e+00
1.621000000000000218e+00 3.717007883177749772e+00
1.640562500000000146e+00 3.773512513018782766e+00
1.660250000000000448e+00 3.828386890053312452e+00
1.680062500000000236e+00 3.839029282768386508e+00
1.700000000000000400e+00 3.893706083170941135e+00
1.720062500000000272e+00 3.946623310984481492e+00
1.740250000000000519e+00 3.997610142038177550e+00
1.760562500000000252e+00 4.004917022823367923e+00
1.781000000000000361e+00 4.055484868934576603e+00
1.801562500000000400e+00 4.104020154002729903e+00
1.822250000000000369e+00 4.150355828568803140e+00
1.843062500000000048e+00 4.154283258836672488e+00
1.863999999999999879e+00 4.200074152882590006e+00
1.885062499999999863e+00 4.243598819664584632e+00
1.906250000000000000e+00 4.242582513061793570e+00
1.927562499999999845e+00 4.285429792465197174e+00
1.948999999999999844e+00 4.325974683747961791e+00
1.970562500000000217e+00 4.364070208932129269e+00
1.992250000000000076e+00 4.360039404511484307e+00
2.014062500000000089e+00 4.397550485599960091e+00
2.036000000000000032e+00 4.432746309483380998e+00
2.058062500000000128e+00 4.424744601407217814e+00
2.080249999999999932e+00 4.460049247729152455e+00
2.102562499999999890e+00 4.493274515164350724e+00
2.125000000000000444e+00 4.482217946650861151e+00
2.147562500000000263e+00 4.515458314067688050e+00
2.170250000000000234e+00 4.546532382702874742e+00
2.193062500000000359e+00 4.575265434362381534e+00
2.216000000000000192e+00 4.563357968962828082e+00
2.239062500000000178e+00 4.592025823547023045e+00
2.262250000000000316e+00 4.618274987626508121e+00
2.285562500000000608e+00 4.603304904462960145e+00
2.309000000000000608e+00 4.629343647141545226e+00
2.332562500000000316e+00 4.652893501833221812e+00
2.356250000000000178e+00 4.634949175487086848e+00
2.380062500000000192e+00 4.658171946438710798e+00
2.403999999999999915e+00 4.678844804607553698e+00
2.428062499999999790e+00 4.658045297046685462e+00
2.452249999999999819e+00 4.678304678147413576e+00
2.476562500000000000e+00 4.695963721608293007e+00
2.500999999999999890e+00 4.672461357334020349e+00
2.525562499999999932e+00 4.689652119534576613e+00
2.550250000000000128e+00 4.704203834314637511e+00
2.575062500000000032e+00 4.678185861235616194e+00
2.600000000000000089e+00 4.692246941728725140e+00
2.625062500000000743e+00 4.703642747691731962e+00
2.650250000000000217e+00 4.675332094911052394e+00
2.675562500000000288e+00 4.686247721068851568e+00
2.701000000000000068e+00 4.694484722160766843e+00
2.726562500000000000e+00 4.664139894355593619e+00
2.752250000000000085e+00 4.671939806603773171e+00
2.778062499999999879e+00 4.677060624524353116e+00
2.804000000000000270e+00 4.644974804664113499e+00
2.830062499999999481e+00 4.649733568359212477e+00
2.856250000000000178e+00 4.651825260981304666e+00
2.882562500000000139e+00 4.618324727185079581e+00
2.909000000000000252e+00 4.620160162290895656e+00
2.935562499999999631e+00 4.619352266681057806e+00
2.962250000000000050e+00 4.584794262837195156e+00
2.989062499999999734e+00 4.583865057810508681e+00
3.016000000000000458e+00 4.580325816121479932e+00
3.043062500000000004e+00 4.545077370275604878e+00
3.070250000000000590e+00 4.541514231830429793e+00
3.097562499999999996e+00 4.535309370318549860e+00
3.125000000000000444e+00 4.499569678378495752e+00
3.152562500000000156e+00 4.493345623606457728e+00
3.180250000000000465e+00 4.454714986207983785e+00
3.208062500000000039e+00 4.448371076254366230e+00
3.236000000000000654e+00 4.439465903463736929e+00
3.264062500000000089e+00 4.400615971405898108e+00
3.292250000000001009e+00 4.391623860719355399e+00
3.320562499999999861e+00 4.380037775476843365e+00
3.349000000000000643e+00 4.341150115678988008e+00
3.377562500000000245e+00 4.329524268286571775e+00
3.406250000000000444e+00 4.288274992506691419e+00
3.435062500000000352e+00 4.276547302554046581e+00
3.463999999999999968e+00 4.262319647502226694e+00
3.493062500000000181e+00 4.221344135629785832e+00
3.522249999999999659e+00 4.207086414260725604e+00
3.551562500000000622e+00 4.164145323785757746e+00
3.580999999999999961e+00 4.149817927386973082e+00
3.610562500000000341e+00 4.133091064426191785e+00
3.640249999999999986e+00 4.090751645661598879e+00
3.670062500000000227e+00 4.074046903133472064e+00
3.699999999999999734e+00 4.054925655681169694e+00
3.730062500000000281e+00 4.013415342477707703e+00
3.760250000000000092e+00 3.994417954926996472e+00
3.790562500000000501e+00 3.951431720697223149e+00
3.821000000000000174e+00 3.932544606409465793e+00
3.851562500000000888e+00 3.888324337640264972e+00
3.882249999999999979e+00 3.869543396340185737e+00
3.913062500000000998e+00 3.848574124472548874e+00
3.944000000000000394e+00 3.805645438623789900e+00
3.975062500000000387e+00 3.784902688699954165e+00
4.006249999999999645e+00 3.741074485735001787e+00
4.037562500000000831e+00 3.720562030802475828e+00
4.068999999999999950e+00 3.697948708896551473e+00
4.100562500000000554e+00 3.655708509722105592e+00
4.132249999999999979e+00 3.633378594022083519e+00
4.164062500000000000e+00 3.590443551091476948e+00
4.195999999999999730e+00 3.568356053010842466e+00
4.228062499999999169e+00 3.524862953433348434e+00
4.260250000000000092e+00 3.502984143190881472e+00
4.292562499999998948e+00 3.479114440045165679e+00
4.325000000000000178e+00 3.437361386107274264e+00
4.357562499999999339e+00 3.413750929347983742e+00
4.390249999999999986e+00 3.371582302076643778e+00
4.423062499999999453e+00 3.348205639399101763e+00
4.456000000000000405e+00 3.305737829303875497e+00
4.489062499999999289e+00 3.282575096880026688e+00
4.522249999999999659e+00 3.257521671893763404e+00
4.555562499999999737e+00 3.216951956295543091e+00
4.589000000000000412e+00 3.192169544298792516e+00
4.622562499999999019e+00 3.151425302373058734e+00
4.656250000000000000e+00 3.126900825158947406e+00
4.690062499999999801e+00 3.086080878997254029e+00
4.724000000000000199e+00 3.061804497921188251e+00
4.758062499999999417e+00 3.021001258062319117e+00
4.792250000000000121e+00 2.996966835616380553e+00
4.826562499999999645e+00 2.956265959755578265e+00
4.861000000000000654e+00 2.932470601559646450e+00
4.895562499999999595e+00 2.907005089643941886e+00
4.930250000000000909e+00 2.868395169958235513e+00
4.965062500000000156e+00 2.843229728448881222e+00
5.000000000000000888e+00 2.804816611605220444e+00
5.035062500000000441e+00 2.779950822070590188e+00
5.070249999999998813e+00 2.741801869729560082e+00
5.105562499999999559e+00 2.717225021202446911e+00
5.141000000000000014e+00 2.679391729389101418e+00
5.176562500000000178e+00 2.655090524175320876e+00
5.212249999999999162e+00 2.617619524213511184e+00
5.248062499999999631e+00 2.593583063420737744e+00
5.283999999999998920e+00 2.556517223671960437e+00
5.320062499999999694e+00 2.532736742894137194e+00
5.356249999999999289e+00 2.496115475777936688e+00
5.392562500000000369e+00 2.472584101528361611e+00
5.428999999999998494e+00 2.436443633854558311e+00
5.465562500000000767e+00 2.413156158376052129e+00
5.502249999999999197e+00 2.377529768681558409e+00
5.539062500000000000e+00 2.354482441491306588e+00
5.575999999999999623e+00 2.319400670727853164e+00
5.613062500000000732e+00 2.296591005127532004e+00
5.650249999999999773e+00 2.262081843492551592e+00
5.687562500000000298e+00 2.239508436758057996e+00
5.724999999999999645e+00 2.215645351241689376e+00
5.762562500000001364e+00 2.183259856505324503e+00
5.800250000000000128e+00 2.149970497534694491e+00
5.838062500000000377e+00 2.127868911318578693e+00
5.875999999999999446e+00 2.095222413152462160e+00
5.914062500000000888e+00 2.073357765059553159e+00
5.952249999999999375e+00 2.041373425675558018e+00
5.990562500000000234e+00 2.019747086298623540e+00
6.028999999999999915e+00 1.988442166249756671e+00
6.067562499999999304e+00 1.967053839813385885e+00
6.106250000000000178e+00 1.936438157850311148e+00
6.145062499999998984e+00 1.915281090949128684e+00
6.184000000000000163e+00 1.885359564591476023e+00
6.223062499999999275e+00 1.864426943227587508e+00
6.262249999999999872e+00 1.835203602328014716e+00
6.301562499999999289e+00 1.814489250465628478e+00
6.341000000000001080e+00 1.785967316509718961e+00
6.380562499999999915e+00 1.765465601367935067e+00
6.420250000000000234e+00 1.737647553571366021e+00
6.460062499999999375e+00 1.717353295400382285e+00
6.500000000000000888e+00 1.690240931680663694e+00
6.540062499999999446e+00 1.670149317372737974e+00
6.580250000000000377e+00 1.643743810763380386e+00
6.620562500000000128e+00 1.623850809405291473e+00
6.661000000000001364e+00 1.598152262214473707e+00
6.701562499999999645e+00 1.572046463968499452e+00
6.742250000000000298e+00 1.553462038474155094e+00
6.783062499999999773e+00 1.528076198516677753e+00
6.824000000000000732e+00 1.509668542831070326e+00
6.865062499999999623e+00 1.485000605070168511e+00
6.906250000000000888e+00 1.466766799331381321e+00
6.947562500000000085e+00 1.442814349486857495e+00
6.989000000000000767e+00 1.424751423207157419e+00
7.030562500000000270e+00 1.401511667980157583e+00
7.072249999999999481e+00 1.383616269729658121e+00
7.114062499999999289e+00 1.361083725334703232e+00
7.155999999999998806e+00 1.338288337124897254e+00
7.198062500000000696e+00 1.321517770212210063e+00
7.240249999999998742e+00 1.299424930323596294e+00
7.282562500000000050e+00 1.282800840395318387e+00
7.324999999999999289e+00 1.261403139361863657e+00
7.367562500000000902e+00 1.244920021697348389e+00
7.410249999999998671e+00 1.224210164731120321e+00
7.453062499999999702e+00 1.203319046300295403e+00
7.495999999999998664e+00 1.187833239033522892e+00
7.539062500000000888e+00 1.167620078493373237e+00
7.582250000000000156e+00 1.152259587808028174e+00
7.625562500000000021e+00 1.132716574365783879e+00
7.668999999999999595e+00 1.117476390475748760e+00
7.712562500000000654e+00 1.098595901112729534e+00
7.756249999999999645e+00 1.079590584566366918e+00
7.800062500000001009e+00 1.065245364093574842e+00
7.843999999999999417e+00 1.046889487268630958e+00
7.888062500000001087e+00 1.032652168913076762e+00
7.932249999999999801e+00 1.014937868428209766e+00
7.976562500000001776e+00 9.971435184503493199e-01
8.021000000000000796e+00 9.837230357963835381e-01
8.065562500000000412e+00 9.665551141325470219e-01
8.110249999999998849e+00 9.532308554580182225e-01
8.155062499999999659e+00 9.366796742342757831e-01
8.200000000000001066e+00 9.200801829136561194e-01
8.245062499999999517e+00 9.075006174143847026e-01
8.290250000000000341e+00 8.914990378630811563e-01
8.335562499999999986e+00 8.790015204386620873e-01
8.381000000000000227e+00 8.635883937274423383e-01
8.426562499999999289e+00 8.481495056335236482e-01
8.472250000000000725e+00 8.363324403496611437e-01
8.518062499999999204e+00 8.214630621983242120e-01
8.564000000000000057e+00 8.097154599874358816e-01
8.610062499999999730e+00 7.954067281704938486e-01
8.656250000000000000e+00 7.810882113910753155e-01
8.702562499999999091e+00 7.699653298777391353e-01
8.749000000000000554e+00 7.561886441351239885e-01
8.795562500000000838e+00 7.451239382836996050e-01
8.842250000000001720e+00 7.318806236205294136e-01
8.889062499999999645e+00 7.186385092000745489e-01
8.936000000000001720e+00 7.081494673054541389e-01
8.983062499999999062e+00 6.954224419640722132e-01
9.030250000000000554e+00 6.827136672155514896e-01
9.077562500000000867e+00 6.727609463329584649e-01
9.125000000000000000e+00 6.605490341633258877e-01
9.172562499999999730e+00 6.506399893608740825e-01
9.220250000000000057e+00 6.389174210125015962e-01
9.268062500000000981e+00 6.272167779182594716e-01
9.315999999999998948e+00 6.178049923674842070e-01
9.364062500000001066e+00 6.065762214736458713e-01
9.412249999999998451e+00 5.953805573949854102e-01
9.460562499999999986e+00 5.864342159808391131e-01
9.508999999999998565e+00 5.756931097016442234e-01
9.557562500000001293e+00 5.649941503691715550e-01
9.606249999999999289e+00 5.564840829863000327e-01
9.655062500000001435e+00 5.462227636198878633e-01
9.703999999999998849e+00 5.360106436752591907e-01
9.753062500000000412e+00 5.279101568326719507e-01
9.802249999999999019e+00 5.181191810217273819e-01
9.851562500000000000e+00 5.083827701229952645e-01
9.900999999999999801e+00 5.006673301681209276e-01
9.950562500000000199e+00 4.913360110918519874e-01
1.000024999999999942e+01 4.820631913247925837e-01
1.005006250000000101e+01 4.747100709460507217e-01
1.009999999999999964e+01 4.658261914666054770e-01
