# # Energy [MeV] 	- Absorption Coefficient [cm^-1]
1.000000000000000021e-03 1.681819999999999879e+02
1.500000000000000031e-03 4.796999999999999886e+01
2.000000000000000042e-03 1.949139999999999873e+01
3.000000000000000062e-03 5.463659999999999961e+00
4.000000000000000083e-03 2.277140000000000164e+00
5.000000000000000104e-03 1.202939999999999898e+00
6.000000000000000125e-03 7.491519999999999291e-01
8.000000000000000167e-03 4.025379999999999514e-01
1.000000000000000021e-02 2.832279999999999798e-01
1.499999999999999944e-02 1.949139999999999762e-01
2.000000000000000042e-02 1.712979999999999781e-01
2.999999999999999889e-02 1.548159999999999814e-01
4.000000000000000083e-02 1.469439999999999913e-01
5.000000000000000278e-02 1.414499999999999924e-01
5.999999999999999778e-02 1.368579999999999797e-01
8.000000000000000167e-02 1.292319999999999858e-01
1.000000000000000056e-01 1.229179999999999995e-01
1.499999999999999944e-01 1.104539999999999828e-01
2.000000000000000111e-01 1.011060000000000014e-01
2.999999999999999889e-01 8.790399999999999603e-02
4.000000000000000222e-01 7.874459999999999793e-02
5.000000000000000000e-01 7.190580000000000582e-02
5.999999999999999778e-01 6.651839999999999142e-02
8.000000000000000444e-01 5.843319999999999764e-02
1.000000000000000000e+00 5.253739999999999799e-02
1.022000000000000020e+00 5.197979999999999962e-02
1.250000000000000000e+00 4.697780000000000011e-02
1.500000000000000000e+00 4.272199999999999609e-02
2.000000000000000000e+00 3.653920000000000085e-02
2.044000000000000039e+00 3.610460000000000058e-02
3.000000000000000000e+00 2.897880000000000247e-02
4.000000000000000000e+00 2.445239999999999914e-02
5.000000000000000000e+00 2.141020000000000076e-02
6.000000000000000000e+00 1.921259999999999982e-02
7.000000000000000000e+00 1.754799999999999763e-02
8.000000000000000000e+00 1.624420000000000031e-02
9.000000000000000000e+00 1.519460000000000081e-02
1.000000000000000000e+01 1.433359999999999843e-02
1.100000000000000000e+01 1.360379999999999923e-02
1.200000000000000000e+01 1.298880000000000000e-02
1.300000000000000000e+01 1.246399999999999939e-02
1.400000000000000000e+01 1.200479999999999950e-02
1.500000000000000000e+01 1.160299999999999873e-02
1.600000000000000000e+01 1.125859999999999882e-02
1.800000000000000000e+01 1.065999999999999934e-02
2.000000000000000000e+01 1.018439999999999970e-02
2.200000000000000000e+01 9.790799999999998809e-03
2.400000000000000000e+01 9.462799999999998643e-03
2.600000000000000000e+01 9.192199999999999330e-03
2.800000000000000000e+01 8.954399999999999513e-03
3.000000000000000000e+01 8.757599999999999066e-03
4.000000000000000000e+01 8.072080000000000574e-03
5.000000000000000000e+01 7.693239999999999627e-03
6.000000000000000000e+01 7.464459999999999151e-03
8.000000000000000000e+01 7.229939999999999804e-03
1.000000000000000000e+02 7.123339999999999707e-03
