# # Energy [MeV] 	- Absorption Coefficient [cm^-1]
1.000000000000000021e-03 6.890380000000000291e+04
1.003999999999999901e-03 6.822440000000000873e+04
1.007999999999999998e-03 6.756080000000000291e+04
1.007999999999999998e-03 6.861150000000000000e+04
1.500000000000000031e-03 2.608580000000000291e+04
2.000000000000000042e-03 1.248200000000000000e+04
3.000000000000000062e-03 4.275480000000000473e+03
4.000000000000000083e-03 1.967890000000000100e+03
5.000000000000000104e-03 1.071240000000000009e+03
5.989000000000000400e-03 6.532509999999999764e+02
5.989000000000000400e-03 1.293230000000000018e+03
6.000000000000000125e-03 1.290860000000000127e+03
7.112000000000000266e-03 8.832200000000000273e+02
7.112000000000000266e-03 2.844000000000000000e+03
8.000000000000000167e-03 2.087179999999999836e+03
8.333000000000000129e-03 1.875460000000000036e+03
8.333000000000000129e-03 2.100610000000000127e+03
1.000000000000000021e-02 1.306660000000000082e+03
1.499999999999999944e-02 4.367909999999999968e+02
2.000000000000000042e-02 1.965519999999999925e+02
2.999999999999999889e-02 6.257590000000000430e+01
4.000000000000000083e-02 2.780010000000000403e+01
5.000000000000000278e-02 1.500999999999999979e+01
5.999999999999999778e-02 9.258799999999999031e+00
8.000000000000000167e-02 4.591480000000000672e+00
1.000000000000000056e-01 2.880339999999999900e+00
1.499999999999999944e-01 1.536550000000000082e+00
2.000000000000000111e-01 1.147870000000000168e+00
2.999999999999999889e-01 8.674199999999999688e-01
4.000000000000000222e-01 7.430740000000001233e-01
5.000000000000000000e-01 6.655750000000000277e-01
5.999999999999999778e-01 6.095640000000001058e-01
8.000000000000000444e-01 5.302480000000000526e-01
1.000000000000000000e+00 4.745530000000000026e-01
1.022000000000000020e+00 4.693390000000000062e-01
1.250000000000000000e+00 4.235189999999999788e-01
1.500000000000000000e+00 3.865470000000000295e-01
2.000000000000000000e+00 3.374090000000000145e-01
2.044000000000000039e+00 3.341699999999999671e-01
3.000000000000000000e+00 2.860590000000000077e-01
4.000000000000000000e+00 2.611740000000000173e-01
5.000000000000000000e+00 2.477439999999999920e-01
6.000000000000000000e+00 2.403180000000000038e-01
7.000000000000000000e+00 2.364469999999999905e-01
8.000000000000000000e+00 2.346300000000000052e-01
9.000000000000000000e+00 2.340770000000000073e-01
1.000000000000000000e+01 2.344720000000000137e-01
1.100000000000000000e+01 2.352620000000000267e-01
1.200000000000000000e+01 2.365260000000000140e-01
1.300000000000000000e+01 2.379480000000000206e-01
1.400000000000000000e+01 2.396860000000000102e-01
1.500000000000000000e+01 2.414240000000000275e-01
1.600000000000000000e+01 2.433200000000000085e-01
1.800000000000000000e+01 2.472700000000000176e-01
2.000000000000000000e+01 2.512199999999999989e-01
2.200000000000000000e+01 2.552490000000000037e-01
2.400000000000000000e+01 2.591200000000000170e-01
2.600000000000000000e+01 2.628330000000000388e-01
2.800000000000000000e+01 2.663880000000000137e-01
3.000000000000000000e+01 2.698640000000000483e-01
4.000000000000000000e+01 2.849530000000000118e-01
5.000000000000000000e+01 2.974350000000000604e-01
6.000000000000000000e+01 3.077050000000000063e-01
8.000000000000000000e+01 3.239000000000000212e-01
1.000000000000000000e+02 3.360660000000000314e-01
