# # Energy [MeV] 	- Absorption Coefficient [cm^-1]
1.000000000000000021e-03 6.915660000000000582e+04
1.003999999999999901e-03 6.847719999999999709e+04
1.007999999999999998e-03 6.780569999999999709e+04
1.007999999999999998e-03 6.886430000000000291e+04
1.500000000000000031e-03 2.618850000000000000e+04
1.838999999999999923e-03 1.553930000000000109e+04
1.838999999999999923e-03 1.576840000000000146e+04
2.000000000000000042e-03 1.272690000000000146e+04
2.145000000000000205e-03 1.057810000000000036e+04
2.145000000000000205e-03 1.058600000000000000e+04
2.302999999999999926e-03 8.784800000000001091e+03
2.471999999999999805e-03 7.286170000000000073e+03
2.471999999999999805e-03 7.290909999999999854e+03
3.000000000000000062e-03 4.371859999999999673e+03
4.000000000000000083e-03 2.012920000000000073e+03
5.000000000000000104e-03 1.096520000000000209e+03
5.989000000000000400e-03 6.682610000000000809e+02
5.989000000000000400e-03 1.308240000000000009e+03
6.000000000000000125e-03 1.305870000000000118e+03
6.538999999999999674e-03 1.124170000000000073e+03
6.538999999999999674e-03 1.186579999999999927e+03
6.819000000000000408e-03 1.065710000000000036e+03
7.112000000000000266e-03 9.432600000000001046e+02
7.112000000000000266e-03 2.871650000000000091e+03
8.000000000000000167e-03 2.107720000000000255e+03
8.333000000000000129e-03 1.893629999999999882e+03
8.333000000000000129e-03 2.118780000000000200e+03
1.000000000000000021e-02 1.317720000000000255e+03
1.499999999999999944e-02 4.402669999999999959e+02
2.000000000000000042e-02 1.980529999999999973e+02
2.999999999999999889e-02 6.304200000000000870e+01
4.000000000000000083e-02 2.799760000000000204e+01
5.000000000000000278e-02 1.511270000000000024e+01
5.999999999999999778e-02 9.314100000000001600e+00
8.000000000000000167e-02 4.615970000000000795e+00
1.000000000000000056e-01 2.892189999999999817e+00
1.499999999999999944e-01 1.538920000000000066e+00
2.000000000000000111e-01 1.148660000000000014e+00
2.999999999999999889e-01 8.674199999999999688e-01
4.000000000000000222e-01 7.426000000000000378e-01
5.000000000000000000e-01 6.650220000000001130e-01
5.999999999999999778e-01 6.090110000000000801e-01
8.000000000000000444e-01 5.296950000000000269e-01
1.000000000000000000e+00 4.740790000000000282e-01
1.022000000000000020e+00 4.688650000000000317e-01
1.250000000000000000e+00 4.231240000000000556e-01
1.500000000000000000e+00 3.861519999999999953e-01
2.000000000000000000e+00 3.371720000000000272e-01
2.044000000000000039e+00 3.339330000000000354e-01
3.000000000000000000e+00 2.860590000000000077e-01
4.000000000000000000e+00 2.613320000000000087e-01
5.000000000000000000e+00 2.480600000000000027e-01
6.000000000000000000e+00 2.408710000000000018e-01
7.000000000000000000e+00 2.370790000000000119e-01
8.000000000000000000e+00 2.353410000000000224e-01
9.000000000000000000e+00 2.349460000000000159e-01
1.000000000000000000e+01 2.353410000000000224e-01
1.100000000000000000e+01 2.362889999999999990e-01
1.200000000000000000e+01 2.375530000000000141e-01
1.300000000000000000e+01 2.390539999999999887e-01
1.400000000000000000e+01 2.408710000000000018e-01
1.500000000000000000e+01 2.426880000000000148e-01
1.600000000000000000e+01 2.446630000000000194e-01
1.800000000000000000e+01 2.486920000000000242e-01
2.000000000000000000e+01 2.527209999999999734e-01
2.200000000000000000e+01 2.568289999999999740e-01
2.400000000000000000e+01 2.607789999999999830e-01
2.600000000000000000e+01 2.645710000000000006e-01
2.800000000000000000e+01 2.682050000000000267e-01
3.000000000000000000e+01 2.716810000000000058e-01
4.000000000000000000e+01 2.870070000000000121e-01
5.000000000000000000e+01 2.996469999999999967e-01
6.000000000000000000e+01 3.100749999999999895e-01
8.000000000000000000e+01 3.265069999999999917e-01
1.000000000000000000e+02 3.386730000000000018e-01
