# Energy [MeV] 	-	 Rate [MeV^-1 s^-1]
1.000000000000000056e-01 2.529389070065524343e-05
1.000624999999999987e-01 2.441068866692265021e-05
1.002500000000000058e-01 2.739784053650115144e-05
1.005624999999999991e-01 3.312659856662053873e-05
1.010000000000000064e-01 4.298617649529493280e-05
1.015625000000000000e-01 5.955536418741462908e-05
1.022500000000000075e-01 8.752206272984991279e-05
1.030625000000000013e-01 1.353765679306976276e-04
1.040000000000000091e-01 2.184428609461402059e-04
1.050625000000000031e-01 3.640979080394706759e-04
1.062500000000000111e-01 6.202323932229894012e-04
1.075625000000000053e-01 1.067708713717076003e-03
1.089999999999999997e-01 1.835900812848379436e-03
1.105625000000000080e-01 3.116112494623048124e-03
1.122500000000000026e-01 5.160131290676190675e-03
1.140625000000000111e-01 8.242869730362921074e-03
1.160000000000000059e-01 1.256770124866521746e-02
1.180625000000000147e-01 1.811461242576066499e-02
1.202499999999999958e-01 2.448124193341418009e-02
1.225625000000000048e-01 3.082241563240410015e-02
1.250000000000000000e-01 3.599658561169756521e-02
1.275624999999999953e-01 3.892848731634398346e-02
1.302500000000000047e-01 3.903423086580515983e-02
1.330625000000000002e-01 3.646434680177507159e-02
1.360000000000000098e-01 3.201353635427656164e-02
1.390625000000000056e-01 2.676615600813282009e-02
1.422500000000000153e-01 2.170448013495545128e-02
1.455625000000000113e-01 1.748110239126503609e-02
1.490000000000000213e-01 1.440994444513974543e-02
1.525624999999999898e-01 1.257909936647677931e-02
1.562500000000000000e-01 1.179366086245240558e-02
1.600624999999999964e-01 1.187458098229012861e-02
1.640000000000000069e-01 1.281880623221107011e-02
1.680625000000000036e-01 1.478984106379774288e-02
1.722500000000000142e-01 1.814969705711681064e-02
1.765625000000000111e-01 2.227018450935332877e-02
1.809999999999999942e-01 3.025965613460000758e-02
1.855625000000000191e-01 4.261067180803203291e-02
1.902500000000000024e-01 6.138176224007499404e-02
1.950625000000000275e-01 8.906719717711805706e-02
2.000000000000000111e-01 1.278526315643288835e-01
2.050625000000000364e-01 1.784784320598132579e-01
2.102499999999999925e-01 2.413329532427014590e-01
2.155624999999999902e-01 3.160182688422287223e-01
2.210000000000000020e-01 4.007966175034639034e-01
2.265625000000000278e-01 4.925563636794423883e-01
2.322500000000000120e-01 5.870489226735143840e-01
2.380625000000000380e-01 6.793899684677668915e-01
2.439999999999999947e-01 7.647422326409298865e-01
2.500624999999999654e-01 8.021520162389388364e-01
2.562499999999999778e-01 8.604971015756200936e-01
2.625625000000000320e-01 9.048845637788961449e-01
2.690000000000000169e-01 9.361963609393421093e-01
2.755625000000000435e-01 9.569591139267981106e-01
2.822500000000000009e-01 9.710718879732174180e-01
2.890625000000000000e-01 9.835328194478022423e-01
2.960000000000000409e-01 1.000312625878506667e+00
3.030625000000000124e-01 1.028416229796877746e+00
3.102500000000000258e-01 1.072639330260307444e+00
3.175624999999999698e-01 1.134276959582358746e+00
3.249999999999999556e-01 1.214841361062248382e+00
3.325624999999999831e-01 1.267768183902794554e+00
3.402500000000000524e-01 1.388551342191276516e+00
3.480625000000000524e-01 1.534107783917257439e+00
3.559999999999999831e-01 1.706781125528142429e+00
3.640625000000000666e-01 1.908540012243456374e+00
3.722500000000000808e-01 2.140491664220342649e+00
3.805625000000000258e-01 2.402218389186590475e+00
3.890000000000000124e-01 2.690933507940560521e+00
3.975625000000000409e-01 3.000498382611748838e+00
4.062500000000001110e-01 3.214185939816121884e+00
4.150625000000000009e-01 3.531508831215147470e+00
4.239999999999999325e-01 3.851074670927539856e+00
4.330624999999999059e-01 4.170686972075151822e+00
4.422500000000000320e-01 4.488938783063909810e+00
4.515624999999999778e-01 4.805434479293741568e+00
4.609999999999999654e-01 5.120994776633744472e+00
4.705624999999999947e-01 5.437850298900968937e+00
4.802500000000000657e-01 5.594625728342577098e+00
4.900625000000000675e-01 5.922209020473310659e+00
5.000000000000001110e-01 6.268416542271040726e+00
5.100625000000000853e-01 6.641426886337081115e+00
5.202500000000001013e-01 7.043883732916869533e+00
5.305625000000000480e-01 7.476623868834950670e+00
5.409999999999999254e-01 7.940158421481296358e+00
5.515624999999999556e-01 8.214464298987172342e+00
5.622499999999999165e-01 8.732327117753220236e+00
5.730625000000000302e-01 9.279767091018193526e+00
5.839999999999999636e-01 9.854989968517287480e+00
5.950625000000000497e-01 1.045524584379670863e+01
6.062500000000000666e-01 1.107679606885455925e+01
6.175625000000000142e-01 1.171711269772299602e+01
6.290000000000000036e-01 1.208298577077475855e+01
6.405625000000000346e-01 1.275247378532301923e+01
6.522500000000001075e-01 1.343906793489847296e+01
6.640625000000000000e-01 1.414196808807190386e+01
6.759999999999999343e-01 1.486040020816790630e+01
6.880624999999999103e-01 1.559364413157279472e+01
7.002499999999999281e-01 1.598229594193566783e+01
7.125624999999999876e-01 1.674060937436816232e+01
7.249999999999999778e-01 1.751379389140596032e+01
7.375625000000000098e-01 1.830183960206749916e+01
7.502499999999999725e-01 1.910497283653070966e+01
7.630624999999999769e-01 1.992369723505786183e+01
7.760000000000000231e-01 2.033754876213794560e+01
7.890625000000000000e-01 2.119126200940094407e+01
8.022500000000000187e-01 2.206614516408468774e+01
8.155624999999999680e-01 2.296358727966133984e+01
8.290000000000000702e-01 2.388307300263326738e+01
8.425625000000001030e-01 2.482364315833438440e+01
8.562500000000000666e-01 2.530482525682962702e+01
8.700625000000000719e-01 2.628953352615029360e+01
8.840000000000001190e-01 2.729408763719314379e+01
8.980625000000002078e-01 2.831712658288054740e+01
9.122500000000001164e-01 2.935711178105534103e+01
9.265625000000000666e-01 2.987412310114632064e+01
9.409999999999999476e-01 3.095191190731446440e+01
9.555624999999998703e-01 3.204415870828700008e+01
9.702499999999999458e-01 3.314891022395814701e+01
9.850624999999999520e-01 3.426403101651141014e+01
9.999999999999998890e-01 3.538720609038897891e+01
1.015062499999999979e+00 3.593792163491428227e+01
1.030250000000000110e+00 3.709138473842825334e+01
1.045562499999999950e+00 3.825421464261008708e+01
1.061000000000000165e+00 3.942444662191974913e+01
1.076562500000000089e+00 3.996053095904051133e+01
1.092250000000000165e+00 4.115949303891606803e+01
1.108062500000000172e+00 4.236350105257784548e+01
1.124000000000000110e+00 4.357043033639421026e+01
1.140062500000000201e+00 4.477804389431810961e+01
1.156250000000000222e+00 4.530940629848802104e+01
1.172562500000000174e+00 4.653933432988680607e+01
1.189000000000000279e+00 4.776783232322068073e+01
1.205562500000000092e+00 4.899271602142284365e+01
1.222250000000000281e+00 5.021173285854187185e+01
1.239062500000000178e+00 5.072818262931861000e+01
1.256000000000000227e+00 5.196549132695457018e+01
1.273062500000000208e+00 5.319553115644968244e+01
1.290250000000000341e+00 5.441573078782431594e+01
1.307562500000000405e+00 5.488725916707352326e+01
1.325000000000000400e+00 5.612091796835377977e+01
1.342562499999999881e+00 5.734265854289266429e+01
1.360250000000000181e+00 5.854998777581190694e+01
1.378062499999999968e+00 5.896969827057966995e+01
1.395999999999999908e+00 6.018644101697928050e+01
1.414062500000000000e+00 6.138748947405392187e+01
1.432249999999999801e+00 6.257057726584866941e+01
1.450562499999999977e+00 6.293660710880254072e+01
1.469000000000000083e+00 6.412789809997461532e+01
1.487562500000000121e+00 6.530112025511571971e+01
1.506250000000000089e+00 6.645434661918859831e+01
1.525062500000000210e+00 6.677129521988091199e+01
1.544000000000000039e+00 6.793285271838242068e+01
1.563062500000000021e+00 6.907233746800802976e+01
1.582250000000000156e+00 7.018653128261514951e+01
1.601562500000000222e+00 7.045114982019995864e+01
1.621000000000000218e+00 7.156719299619885533e+01
1.640562500000000146e+00 7.265513197187726746e+01
1.660250000000000448e+00 7.371168209369686508e+01
1.680062500000000236e+00 7.391659050318118318e+01
1.700000000000000400e+00 7.496933648860998289e+01
1.720062500000000272e+00 7.598820369976044731e+01
1.740250000000000519e+00 7.696990309157416732e+01
1.760562500000000252e+00 7.711058962326558230e+01
1.781000000000000361e+00 7.808422188765253225e+01
1.801562500000000400e+00 7.901871926370586152e+01
1.822250000000000369e+00 7.991086538459190081e+01
1.843062500000000048e+00 7.998648404583576621e+01
1.863999999999999879e+00 8.086814097384099398e+01
1.885062499999999863e+00 8.170616400892195941e+01
1.906250000000000000e+00 8.168659606258729866e+01
1.927562499999999845e+00 8.251157669507449555e+01
1.948999999999999844e+00 8.329222719425054322e+01
1.970562500000000217e+00 8.402571764916353914e+01
1.992250000000000076e+00 8.394810862411773655e+01
2.014062500000000089e+00 8.467034620448532678e+01
2.036000000000000032e+00 8.534800587045637599e+01
2.058062500000000128e+00 8.519394114845839283e+01
2.080249999999999932e+00 8.587369607941224103e+01
2.102562499999999890e+00 8.651341469223660852e+01
2.125000000000000444e+00 8.630053175048641378e+01
2.147562500000000263e+00 8.694054109804572761e+01
2.170250000000000234e+00 8.753884057361479165e+01
2.193062500000000359e+00 8.809206615669489793e+01
2.216000000000000192e+00 8.786280006387849539e+01
2.239062500000000178e+00 8.841477034381736644e+01
2.262250000000000316e+00 8.892017120674482555e+01
2.285562500000000608e+00 8.863193753476799941e+01
2.309000000000000608e+00 8.913328694838929778e+01
2.332562500000000316e+00 8.958671536412640535e+01
2.356250000000000178e+00 8.924121567535485156e+01
2.380062500000000192e+00 8.968834642751754416e+01
2.403999999999999915e+00 9.008638121163778578e+01
2.428062499999999790e+00 8.968590792273982970e+01
2.452249999999999819e+00 9.007598162793227914e+01
2.476562500000000000e+00 9.041598848592481374e+01
2.500999999999999890e+00 8.996347444970348306e+01
2.525562499999999932e+00 9.029446502998308688e+01
2.550250000000000128e+00 9.057464344574704285e+01
2.575062500000000032e+00 9.007369392956631771e+01
2.600000000000000089e+00 9.034442568290569398e+01
2.625062500000000743e+00 9.056384029550022774e+01
2.650250000000000217e+00 9.001874757170718055e+01
2.675562500000000288e+00 9.022891681225269167e+01
2.701000000000000068e+00 9.038751186111559832e+01
2.726562500000000000e+00 8.980325317342203562e+01
2.752250000000000085e+00 8.995343252271717915e+01
2.778062499999999879e+00 9.005202864517322325e+01
2.804000000000000270e+00 8.943424893241780183e+01
2.830062499999999481e+00 8.952587407029585620e+01
2.856250000000000178e+00 8.956614747683155997e+01
2.882562500000000139e+00 8.892112889117827024e+01
2.909000000000000252e+00 8.895646832078841726e+01
2.935562499999999631e+00 8.894091311540654488e+01
2.962250000000000050e+00 8.827553402330072174e+01
2.989062499999999734e+00 8.825764312891323016e+01
3.016000000000000458e+00 8.818949864254631166e+01
3.043062500000000004e+00 8.751082579439780318e+01
3.070250000000000590e+00 8.744222120038223522e+01
3.097562499999999996e+00 8.732275292501321928e+01
3.125000000000000444e+00 8.663462163471615440e+01
3.152562500000000156e+00 8.651478381271215312e+01
3.180250000000000465e+00 8.577099031827955855e+01
3.208062500000000039e+00 8.564884480708596470e+01
3.236000000000000654e+00 8.547738479413931145e+01
3.264062500000000089e+00 8.472936900486524792e+01
3.292250000000001009e+00 8.455623509146761307e+01
3.320562499999999861e+00 8.433315684555505243e+01
3.349000000000000643e+00 8.358441464715424729e+01
3.377562500000000245e+00 8.336057082162921006e+01
3.406250000000000444e+00 8.256635811789738000e+01
3.435062500000000352e+00 8.234055341782067217e+01
3.463999999999999968e+00 8.206661444137033357e+01
3.493062500000000181e+00 8.127767278225697112e+01
3.522249999999999659e+00 8.100315490955506448e+01
3.551562500000000622e+00 8.017636804063366185e+01
3.580999999999999961e+00 7.990050864634923755e+01
3.610562500000000341e+00 7.957844997244799856e+01
3.640249999999999986e+00 7.876324767820892703e+01
3.670062500000000227e+00 7.844161491066087422e+01
3.699999999999999734e+00 7.807345480722396758e+01
3.730062500000000281e+00 7.727421609433073968e+01
3.760250000000000092e+00 7.690844078688081709e+01
3.790562500000000501e+00 7.608078472103612455e+01
3.821000000000000174e+00 7.571713261271251838e+01
3.851562500000000888e+00 7.486571647133909835e+01
3.882249999999999979e+00 7.450410861552687436e+01
3.913062500000000998e+00 7.410036668817393490e+01
3.944000000000000394e+00 7.327381865766919589e+01
3.975062500000000387e+00 7.287443817914271449e+01
4.006249999999999645e+00 7.203057086466496628e+01
4.037562500000000831e+00 7.163562448114375059e+01
4.068999999999999950e+00 7.120022804831596375e+01
4.100562500000000554e+00 7.038693612601565519e+01
4.132249999999999979e+00 6.995699639042230444e+01
4.164062500000000000e+00 6.913032596079470693e+01
4.195999999999999730e+00 6.870505372903721764e+01
4.228062499999999169e+00 6.786763848825920320e+01
4.260250000000000092e+00 6.744638432782630844e+01
4.292562499999998948e+00 6.698679755656291945e+01
4.325000000000000178e+00 6.618288511858324341e+01
4.357562499999999339e+00 6.572828987188853489e+01
4.390249999999999986e+00 6.491637599353173016e+01
4.423062499999999453e+00 6.446628221325717334e+01
4.456000000000000405e+00 6.364860787498979988e+01
4.489062499999999289e+00 6.320263310340035900e+01
4.522249999999999659e+00 6.272025497627210200e+01
4.555562499999999737e+00 6.193912651023921967e+01
4.589000000000000412e+00 6.146196646161249788e+01
4.622562499999999019e+00 6.067747766927540454e+01
4.656250000000000000e+00 6.020528389162507210e+01
4.690062499999999801e+00 5.941933749149265509e+01
4.724000000000000199e+00 5.895192055175908052e+01
4.758062499999999417e+00 5.816629581443554997e+01
4.792250000000000121e+00 5.770353754116825939e+01
4.826562499999999645e+00 5.691988371814912995e+01
4.861000000000000654e+00 5.646172838301262686e+01
4.895562499999999595e+00 5.597141594265819009e+01
4.930250000000000909e+00 5.522802134663894691e+01
4.965062500000000156e+00 5.474348645568954197e+01
5.000000000000000888e+00 5.400388109752535826e+01
5.035062500000000441e+00 5.352511569950666370e+01
5.070249999999998813e+00 5.279059655921972194e+01
5.105562499999999559e+00 5.231739442539052476e+01
5.141000000000000014e+00 5.158895300638229742e+01
5.176562500000000178e+00 5.112105810321412491e+01
5.212249999999999162e+00 5.039959224403083482e+01
5.248062499999999631e+00 4.993679472447570333e+01
5.283999999999998920e+00 4.922312981166454904e+01
5.320062499999999694e+00 4.876526092602884432e+01
5.356249999999999289e+00 4.806015580550111110e+01
5.392562500000000369e+00 4.760708321181446934e+01
5.428999999999998494e+00 4.691123539381857199e+01
5.465562500000000767e+00 4.646285882203153506e+01
5.502249999999999197e+00 4.577690905082869932e+01
5.539062500000000000e+00 4.533315628922275664e+01
5.575999999999999623e+00 4.465769259966761950e+01
5.613062500000000732e+00 4.421851576940465378e+01
5.650249999999999773e+00 4.355407708418027823e+01
5.687562500000000298e+00 4.311944917723906912e+01
5.724999999999999645e+00 4.265998982167414511e+01
5.762562500000001364e+00 4.203644017504456087e+01
5.800250000000000128e+00 4.139548754512043871e+01
5.838062500000000377e+00 4.096994406069330807e+01
5.875999999999999446e+00 4.034136905941917917e+01
5.914062500000000888e+00 3.992038757672142424e+01
5.952249999999999375e+00 3.930456176695918202e+01
5.990562500000000234e+00 3.888816867535609134e+01
6.028999999999999915e+00 3.828542439143702580e+01
6.067562499999999304e+00 3.787361399607407719e+01
6.106250000000000178e+00 3.728414028802058056e+01
6.145062499999998984e+00 3.687678255897101565e+01
6.184000000000000163e+00 3.630067410860427657e+01
6.223062499999999275e+00 3.589763784929302659e+01
6.262249999999999872e+00 3.533497224731291197e+01
6.301562499999999289e+00 3.493613854447457356e+01
6.341000000000001080e+00 3.438697781729801051e+01
6.380562499999999915e+00 3.399223821748533680e+01
6.420250000000000234e+00 3.345663009987998038e+01
6.460062499999999375e+00 3.306588487229739570e+01
6.500000000000000888e+00 3.254386398132925962e+01
6.540062499999999446e+00 3.215702045450000668e+01
6.580250000000000377e+00 3.164860937573233812e+01
6.620562500000000128e+00 3.126558993853639734e+01
6.661000000000001364e+00 3.077079064180895784e+01
6.701562499999999645e+00 3.026815014167827655e+01
6.742250000000000298e+00 2.991032599713000906e+01
6.783062499999999773e+00 2.942154755901320584e+01
6.824000000000000732e+00 2.906712693671077830e+01
6.865062499999999623e+00 2.859217097265608487e+01
6.906250000000000888e+00 2.824109765363823144e+01
6.947562500000000085e+00 2.777991767914530286e+01
6.989000000000000767e+00 2.743213446970241520e+01
7.030562500000000270e+00 2.698467670265215190e+01
7.072249999999999481e+00 2.664011907442286997e+01
7.114062499999999289e+00 2.620627793012307905e+01
7.155999999999998806e+00 2.576737599644191690e+01
7.198062500000000696e+00 2.544447584755404534e+01
7.240249999999998742e+00 2.501910076473568267e+01
7.282562500000000050e+00 2.469902088067962254e+01
7.324999999999999289e+00 2.428702998701842120e+01
7.367562500000000902e+00 2.396966438001664557e+01
7.410249999999998671e+00 2.357091722181615623e+01
7.453062499999999702e+00 2.316868005912094119e+01
7.495999999999998664e+00 2.287051664591456301e+01
7.539062500000000888e+00 2.248133287044106154e+01
7.582250000000000156e+00 2.218558230010485133e+01
7.625562500000000021e+00 2.180930152301023028e+01
7.668999999999999595e+00 2.151586733722543343e+01
7.712562500000000654e+00 2.115234278506587273e+01
7.756249999999999645e+00 2.078641481289694681e+01
7.800062500000001009e+00 2.051021223425953366e+01
7.843999999999999417e+00 2.015678856107043160e+01
7.888062500000001087e+00 1.988266352756924249e+01
7.932249999999999801e+00 1.954159275197833168e+01
7.976562500000001776e+00 1.919898070510301480e+01
8.021000000000000796e+00 1.894058300932584160e+01
8.065562500000000412e+00 1.861003220026778493e+01
8.110249999999998849e+00 1.835348719900296999e+01
8.155062499999999659e+00 1.803481109763783152e+01
8.200000000000001066e+00 1.771520483466530038e+01
8.245062499999999517e+00 1.747299814041294042e+01
8.290250000000000341e+00 1.716490405829513932e+01
8.335562499999999986e+00 1.692427711598097417e+01
8.381000000000000227e+00 1.662751309268983491e+01
8.426562499999999289e+00 1.633025306026845769e+01
8.472250000000000725e+00 1.610272752941163787e+01
8.518062499999999204e+00 1.581643282965963948e+01
8.564000000000000057e+00 1.559024473937499344e+01
8.610062499999999730e+00 1.531474471256343683e+01
8.656250000000000000e+00 1.503905628628657887e+01
8.702562499999999091e+00 1.482489655540698337e+01
8.749000000000000554e+00 1.455964053271944536e+01
8.795562500000000838e+00 1.434660091483250532e+01
8.842250000000001720e+00 1.409161440789027964e+01
8.889062499999999645e+00 1.383665101039628098e+01
8.936000000000001720e+00 1.363469521444148569e+01
8.983062499999999062e+00 1.338964933143536307e+01
9.030250000000000554e+00 1.314495484496707256e+01
9.077562500000000867e+00 1.295332536269848767e+01
9.125000000000000000e+00 1.271819745805981228e+01
9.172562499999999730e+00 1.252740891413593793e+01
9.220250000000000057e+00 1.230170282532299808e+01
9.268062500000000981e+00 1.207641888490010018e+01
9.315999999999998948e+00 1.189520456033550921e+01
9.364062500000001066e+00 1.167900603751118815e+01
9.412249999999998451e+00 1.146344495262238716e+01
9.460562499999999986e+00 1.129119227984931051e+01
9.508999999999998565e+00 1.108438324144103504e+01
9.557562500000001293e+00 1.087838569947427203e+01
9.606249999999999289e+00 1.071453303788670119e+01
9.655062500000001435e+00 1.051696180678572823e+01
9.703999999999998849e+00 1.032033786033533218e+01
9.753062500000000412e+00 1.016437125400921637e+01
9.802249999999999019e+00 9.975856008008792131e+00
9.851562500000000000e+00 9.788391353700776065e+00
9.900999999999999801e+00 9.639838432196349061e+00
9.950562500000000199e+00 9.460173407469680384e+00
1.000024999999999942e+01 9.281634727234010285e+00
1.005006250000000101e+01 9.140057899363551286e+00
1.009999999999999964e+01 8.969007867390834221e+00
