# Energy [MeV] 	-	 Rate [MeV^-1 s^-1]
1.000000000000000056e-01 1.209855889208486597e-05
1.000624999999999987e-01 1.129280923559773786e-05
1.002500000000000058e-01 1.267516275511629920e-05
1.005624999999999991e-01 1.532637153470465581e-05
1.010000000000000064e-01 1.988961939981180471e-05
1.015625000000000000e-01 2.755898968135326023e-05
1.022500000000000075e-01 4.050549862385212038e-05
1.030625000000000013e-01 6.266179922802309315e-05
1.040000000000000091e-01 1.011273409770289836e-04
1.050625000000000031e-01 1.685886133547655566e-04
1.062500000000000111e-01 2.872441749891074358e-04
1.075625000000000053e-01 4.945874913323325666e-04
1.089999999999999997e-01 8.506273030440437023e-04
1.105625000000000080e-01 1.444137541863771586e-03
1.122500000000000026e-01 2.392028811405880889e-03
1.140625000000000111e-01 3.822069100818839809e-03
1.160000000000000059e-01 5.828998216322602358e-03
1.180625000000000147e-01 8.404036681342286555e-03
1.202499999999999958e-01 1.136096742236288731e-02
1.225625000000000048e-01 1.430780446045775214e-02
1.250000000000000000e-01 1.671448119486175152e-02
1.275624999999999953e-01 1.808108776653620867e-02
1.302500000000000047e-01 1.813542016749268918e-02
1.330625000000000002e-01 1.694627823629596061e-02
1.360000000000000098e-01 1.488201685784223266e-02
1.390625000000000056e-01 1.244612580985685231e-02
1.422500000000000153e-01 1.009519883987373967e-02
1.455625000000000113e-01 8.132955267314331133e-03
1.490000000000000213e-01 6.705825590590301817e-03
1.525624999999999898e-01 5.855254016375623788e-03
1.562500000000000000e-01 5.490937887238309285e-03
1.600624999999999964e-01 5.529845174749587443e-03
1.640000000000000069e-01 5.970817178273614412e-03
1.680625000000000036e-01 6.890260136567162574e-03
1.722500000000000142e-01 8.457185178385846769e-03
1.765625000000000111e-01 1.014367201887959175e-02
1.809999999999999942e-01 1.378593914100471884e-02
1.855625000000000191e-01 1.941713390890147800e-02
1.902500000000000024e-01 2.797651611459648496e-02
1.950625000000000275e-01 4.060247872427374949e-02
2.000000000000000111e-01 5.829317026931949558e-02
2.050625000000000364e-01 8.138785000720556717e-02
2.102499999999999925e-01 1.100648705224348545e-01
2.155624999999999902e-01 1.441434299344159231e-01
2.210000000000000020e-01 1.828308364962355215e-01
2.265625000000000278e-01 2.247067566237980485e-01
2.322500000000000120e-01 2.678312522020494524e-01
2.380625000000000380e-01 3.099736060205654509e-01
2.439999999999999947e-01 3.489241867972984745e-01
2.500624999999999654e-01 3.597602296656474130e-01
2.562499999999999778e-01 3.859607172368994532e-01
2.625625000000000320e-01 4.058969603675421367e-01
2.690000000000000169e-01 4.199621404785806589e-01
2.755625000000000435e-01 4.292879884964640458e-01
2.822500000000000009e-01 4.356226294176708258e-01
2.890625000000000000e-01 4.412076982071630460e-01
2.960000000000000409e-01 4.487211818413047171e-01
3.030625000000000124e-01 4.613045068054196785e-01
3.102500000000000258e-01 4.811070739818064101e-01
3.175624999999999698e-01 5.087068758806098101e-01
3.249999999999999556e-01 5.447852368517245303e-01
3.325624999999999831e-01 5.608968464066762527e-01
3.402500000000000524e-01 6.143111467813205939e-01
3.480625000000000524e-01 6.786674799129812641e-01
3.559999999999999831e-01 7.549966961164144008e-01
3.640625000000000666e-01 8.441620122170845342e-01
3.722500000000000808e-01 9.466437307150310509e-01
3.805625000000000258e-01 1.062245895105671023e+00
3.890000000000000124e-01 1.189723491115010301e+00
3.975625000000000409e-01 1.326367739312253491e+00
4.062500000000001110e-01 1.405256148838589736e+00
4.150625000000000009e-01 1.543834343805740694e+00
4.239999999999999325e-01 1.683331076644353663e+00
4.330624999999999059e-01 1.822777123501224672e+00
4.422500000000000320e-01 1.961548529979802780e+00
4.515624999999999778e-01 2.099463351271150469e+00
4.609999999999999654e-01 2.236870835354321851e+00
4.705624999999999947e-01 2.374771790895268797e+00
4.802500000000000657e-01 2.420832730798293753e+00
4.900625000000000675e-01 2.562211900059669478e+00
5.000000000000001110e-01 2.711551459158614286e+00
5.100625000000000853e-01 2.872374194952656445e+00
5.202500000000001013e-01 3.045805189939102320e+00
5.305625000000000480e-01 3.232185313357003764e+00
5.409999999999999254e-01 3.431711978631179605e+00
5.515624999999999556e-01 3.522472297333679059e+00
5.622499999999999165e-01 3.743913878711404131e+00
5.730625000000000302e-01 3.977877390808407299e+00
5.839999999999999636e-01 4.223569597849937907e+00
5.950625000000000497e-01 4.479785968923602368e+00
6.062500000000000666e-01 4.744896983905613652e+00
6.175625000000000142e-01 5.017790655927527155e+00
6.290000000000000036e-01 5.139571571237337544e+00
6.405625000000000346e-01 5.423296892604959396e+00
6.522500000000001075e-01 5.714062231869538877e+00
6.640625000000000000e-01 6.011499194387327272e+00
6.759999999999999343e-01 6.315248336946418739e+00
6.880624999999999103e-01 6.624970760538811732e+00
7.002499999999999281e-01 6.749780140367644954e+00
7.125624999999999876e-01 7.068617312404841257e+00
7.249999999999999778e-01 7.393440274584438754e+00
7.375625000000000098e-01 7.724212003864153075e+00
7.502499999999999725e-01 8.060992218346559213e+00
7.630624999999999769e-01 8.403954214981551374e+00
7.760000000000000231e-01 8.533498738744535572e+00
7.890625000000000000e-01 8.889818799291912654e+00
8.022500000000000187e-01 9.254653271915861623e+00
8.155624999999999680e-01 9.628542819668595598e+00
8.290000000000000702e-01 1.001122504683710446e+01
8.425625000000001030e-01 1.040224714588366695e+01
8.562500000000000666e-01 1.055460800777733965e+01
8.700625000000000719e-01 1.096281513428226617e+01
8.840000000000001190e-01 1.137883346428454523e+01
8.980625000000002078e-01 1.180204427955236746e+01
9.122500000000001164e-01 1.223175037085229633e+01
9.265625000000000666e-01 1.239467578777673751e+01
9.409999999999999476e-01 1.283893948108278238e+01
9.555624999999998703e-01 1.328867174431973552e+01
9.702499999999999458e-01 1.374300648904412370e+01
9.850624999999999520e-01 1.420099748732184608e+01
9.999999999999998890e-01 1.466192745249990459e+01
1.015062499999999979e+00 1.483426603468718774e+01
1.030250000000000110e+00 1.530652236917497433e+01
1.045562499999999950e+00 1.578198515188009665e+01
1.061000000000000165e+00 1.625977621243502469e+01
1.076562500000000089e+00 1.642336887579645932e+01
1.092250000000000165e+00 1.691220357839581467e+01
1.108062500000000172e+00 1.740243338481686663e+01
1.124000000000000110e+00 1.789311729198699297e+01
1.140062500000000201e+00 1.838326231052423410e+01
1.156250000000000222e+00 1.854239971145862143e+01
1.172562500000000174e+00 1.904114764729019882e+01
1.189000000000000279e+00 1.953854264515435446e+01
1.205562500000000092e+00 2.003361610229305612e+01
1.222250000000000281e+00 2.052582776862995928e+01
1.239062500000000178e+00 2.067680962882535667e+01
1.256000000000000227e+00 2.117576048524583499e+01
1.273062500000000208e+00 2.167088004914238297e+01
1.290250000000000341e+00 2.216103731728207293e+01
1.307562500000000405e+00 2.229269998003924513e+01
1.325000000000000400e+00 2.278821297502179632e+01
1.342562499999999881e+00 2.327798811743975804e+01
1.360250000000000181e+00 2.376092838440233024e+01
1.378062499999999968e+00 2.387058761355984871e+01
1.395999999999999908e+00 2.435737738818763276e+01
1.414062500000000000e+00 2.483688483059284380e+01
1.432249999999999801e+00 2.530810592488600719e+01
1.450562499999999977e+00 2.539559717504246805e+01
1.469000000000000083e+00 2.587031893731979437e+01
1.487562500000000121e+00 2.633678340092357217e+01
1.506250000000000089e+00 2.679412326015738088e+01
1.525062500000000210e+00 2.686186459363602808e+01
1.544000000000000039e+00 2.732289349426592651e+01
1.563062500000000021e+00 2.777403382572769175e+01
1.582250000000000156e+00 2.821389842364379774e+01
1.601562500000000222e+00 2.826111542114542985e+01
1.621000000000000218e+00 2.870220813580572283e+01
1.640562500000000146e+00 2.913097234355157639e+01
1.660250000000000448e+00 2.954599521517484106e+01
1.680062500000000236e+00 2.957028059784917673e+01
1.700000000000000400e+00 2.998442756387600028e+01
1.720062500000000272e+00 3.038391742163288001e+01
1.740250000000000519e+00 3.076733615574965697e+01
1.760562500000000252e+00 3.076745778734596826e+01
1.781000000000000361e+00 3.114847108129539777e+01
1.801562500000000400e+00 3.151271242909323433e+01
1.822250000000000369e+00 3.185960617443020126e+01
1.843062500000000048e+00 3.183499047082311861e+01
1.863999999999999879e+00 3.217788527345952332e+01
1.885062499999999863e+00 3.250219918697928279e+01
1.906250000000000000e+00 3.244073120322391190e+01
1.927562499999999845e+00 3.276083571514042347e+01
1.948999999999999844e+00 3.306216323598243889e+01
1.970562500000000217e+00 3.334435232336289090e+01
1.992250000000000076e+00 3.326176232112594988e+01
2.014062500000000089e+00 3.353976544936204363e+01
2.036000000000000032e+00 3.379886961092405784e+01
2.058062500000000128e+00 3.368758858252355992e+01
2.080249999999999932e+00 3.394863430761031253e+01
2.102562499999999890e+00 3.419264410181067859e+01
2.125000000000000444e+00 3.405905720997049713e+01
2.147562500000000263e+00 3.430426165282847961e+01
2.170250000000000234e+00 3.453182757225807364e+01
2.193062500000000359e+00 3.474032496068365816e+01
2.216000000000000192e+00 3.460374041615920504e+01
2.239062500000000178e+00 3.481295638251875602e+01
2.262250000000000316e+00 3.500257446601965228e+01
2.285562500000000608e+00 3.484398307027275621e+01
2.309000000000000608e+00 3.503319559346127932e+01
2.332562500000000316e+00 3.520233475682837110e+01
2.356250000000000178e+00 3.502260739814263246e+01
2.380062500000000192e+00 3.519044251661307499e+01
2.403999999999999915e+00 3.533779548915853042e+01
2.428062499999999790e+00 3.513801459434414198e+01
2.452249999999999819e+00 3.528340096734386577e+01
2.476562500000000000e+00 3.540797375607992592e+01
2.500999999999999890e+00 3.518945217509236301e+01
2.525562499999999932e+00 3.531163929449801486e+01
2.550250000000000128e+00 3.541276694089694388e+01
2.575062500000000032e+00 3.517705974986550643e+01
2.600000000000000089e+00 3.527563043953161070e+01
2.625062500000000743e+00 3.535298682095906742e+01
2.650250000000000217e+00 3.510189627183130767e+01
2.675562500000000288e+00 3.517677287990332502e+01
2.701000000000000068e+00 3.523037402894438941e+01
2.726562500000000000e+00 3.496594806376460696e+01
2.752250000000000085e+00 3.501739201927838252e+01
2.778062499999999879e+00 3.504759270973013230e+01
2.804000000000000270e+00 3.477211767553599486e+01
2.830062499999999481e+00 3.480072236323553625e+01
2.856250000000000178e+00 3.480820599817693761e+01
2.882562500000000139e+00 3.452419443155793033e+01
2.909000000000000252e+00 3.453087162443783598e+01
2.935562499999999631e+00 3.451663374514902927e+01
2.962250000000000050e+00 3.422680832735300527e+01
2.989062499999999734e+00 3.421276869073890481e+01
3.016000000000000458e+00 3.417808709361361252e+01
3.043062500000000004e+00 3.388522285364341968e+01
3.070250000000000590e+00 3.385146123375264438e+01
3.097562499999999996e+00 3.379780495487896275e+01
3.125000000000000444e+00 3.350244655577606068e+01
3.152562500000000156e+00 3.344877821044766364e+01
3.180250000000000465e+00 3.313284489130963806e+01
3.208062500000000039e+00 3.307926876355960388e+01
3.236000000000000654e+00 3.300555875492879920e+01
3.264062500000000089e+00 3.269015803923510077e+01
3.292250000000001009e+00 3.261678610621050467e+01
3.320562499999999861e+00 3.252398659254389912e+01
3.349000000000000643e+00 3.220953239914333466e+01
3.377562500000000245e+00 3.211648682076174310e+01
3.406250000000000444e+00 3.178560507307728500e+01
3.435062500000000352e+00 3.169269777192259596e+01
3.463999999999999968e+00 3.158022809468435099e+01
3.493062500000000181e+00 3.125353154357375374e+01
3.522249999999999659e+00 3.114173650213594513e+01
3.551562500000000622e+00 3.080076639969769303e+01
3.580999999999999961e+00 3.068927258463503094e+01
3.610562500000000341e+00 3.055905052645968567e+01
3.640249999999999986e+00 3.022465693510012130e+01
3.670062500000000227e+00 3.009542044826110896e+01
3.699999999999999734e+00 2.994820936615440132e+01
3.730062500000000281e+00 2.962117062493942399e+01
3.760250000000000092e+00 2.947482353027404756e+01
3.790562500000000501e+00 2.913808124359898954e+01
3.821000000000000174e+00 2.899330431341196856e+01
3.851562500000000888e+00 2.864786618665930007e+01
3.882249999999999979e+00 2.850456451104459532e+01
3.913062500000000998e+00 2.834423721043022582e+01
3.944000000000000394e+00 2.801033234831472285e+01
3.975062500000000387e+00 2.785237183906965086e+01
4.006249999999999645e+00 2.751226978227536790e+01
4.037562500000000831e+00 2.735664447601646998e+01
4.068999999999999950e+00 2.718469358631227450e+01
4.100562500000000554e+00 2.685821663691455186e+01
4.132249999999999979e+00 2.668899631039524323e+01
4.164062500000000000e+00 2.635783795916836070e+01
4.195999999999999730e+00 2.619099340489107774e+01
4.228062499999999169e+00 2.585621045190859135e+01
4.260250000000000092e+00 2.569144565848701589e+01
4.292562499999998948e+00 2.551126527085575546e+01
4.325000000000000178e+00 2.519107445421767011e+01
4.357562499999999339e+00 2.501335129130740853e+01
4.390249999999999986e+00 2.469056657695049140e+01
4.423062499999999453e+00 2.451507006394838584e+01
4.456000000000000405e+00 2.419057804037948500e+01
4.489062499999999289e+00 2.401712264896900351e+01
4.522249999999999659e+00 2.382978628006883071e+01
4.555562499999999737e+00 2.352017733171480529e+01
4.589000000000000412e+00 2.333459033676525252e+01
4.622562499999999019e+00 2.302487246614284899e+01
4.656250000000000000e+00 2.284161909990758588e+01
4.690062499999999801e+00 2.253181869369219115e+01
4.724000000000000199e+00 2.235079313214455254e+01
4.758062499999999417e+00 2.204160065034441729e+01
4.792250000000000121e+00 2.186272688450909030e+01
4.826562499999999645e+00 2.155477825815320259e+01
4.861000000000000654e+00 2.137800641584001937e+01
4.895562499999999595e+00 2.118903272832504570e+01
4.930250000000000909e+00 2.089719068055950757e+01
4.965062500000000156e+00 2.071012794171993221e+01
5.000000000000000888e+00 2.042081251245330975e+01
5.035062500000000441e+00 2.023627330672272606e+01
5.070249999999998813e+00 1.994933656572291980e+01
5.105562499999999559e+00 1.976721777478707054e+01
5.141000000000000014e+00 1.948303589377124467e+01
5.176562500000000178e+00 1.930321755861972477e+01
5.212249999999999162e+00 1.902212865108701223e+01
5.248062499999999631e+00 1.884451007777905218e+01
5.283999999999998920e+00 1.856682260010850882e+01
5.320062499999999694e+00 1.839132024401552101e+01
5.356249999999999289e+00 1.811731555976856001e+01
5.392562500000000369e+00 1.794386108395214308e+01
5.428999999999998494e+00 1.767379572016580980e+01
5.465562500000000767e+00 1.750233420762476655e+01
5.502249999999999197e+00 1.723644183505914995e+01
5.539062500000000000e+00 1.706693014046646439e+01
5.575999999999999623e+00 1.680542332964147789e+01
5.613062500000000732e+00 1.663782855543317396e+01
5.650249999999999773e+00 1.638090033210503549e+01
5.687562500000000298e+00 1.621519841770108528e+01
5.724999999999999645e+00 1.604015009858640184e+01
5.762562500000001364e+00 1.579919806323535880e+01
5.800250000000000128e+00 1.555193470240899778e+01
5.838062500000000377e+00 1.538997522942074525e+01
5.875999999999999446e+00 1.514776543574643419e+01
5.914062500000000888e+00 1.498766704757958124e+01
5.952249999999999375e+00 1.475063820333129883e+01
5.990562500000000234e+00 1.459240001140566534e+01
6.028999999999999915e+00 1.436066438707614523e+01
6.067562499999999304e+00 1.420427407962207944e+01
6.106250000000000178e+00 1.397788993198753360e+01
6.145062499999998984e+00 1.382328917509594390e+01
6.184000000000000163e+00 1.360227928294179378e+01
6.223062499999999275e+00 1.344940992378458056e+01
6.262249999999999872e+00 1.323379066088695666e+01
6.301562499999999289e+00 1.308259971896538154e+01
6.341000000000001080e+00 1.287238167772769160e+01
6.380562499999999915e+00 1.272282060947785176e+01
6.420250000000000234e+00 1.251800912246212505e+01
6.460062499999999375e+00 1.237003312304468672e+01
6.500000000000000888e+00 1.217062874187184818e+01
6.540062499999999446e+00 1.202419607888219844e+01
6.580250000000000377e+00 1.183019501504282545e+01
6.620562500000000128e+00 1.168563427865721849e+01
6.661000000000001364e+00 1.149666092527686168e+01
6.701562499999999645e+00 1.130500470614169117e+01
6.742250000000000298e+00 1.116997773031631525e+01
6.783062499999999773e+00 1.098379656755692935e+01
6.824000000000000732e+00 1.085009473394347346e+01
6.865062499999999623e+00 1.066936168255740114e+01
6.906250000000000888e+00 1.053695905817052569e+01
6.947562500000000085e+00 1.036164490944748451e+01
6.989000000000000767e+00 1.023051541865198821e+01
7.030562500000000270e+00 1.006058856291470072e+01
7.072249999999999481e+00 9.931014797604811761e+00
7.114062499999999289e+00 9.766113445116882730e+00
7.155999999999998806e+00 9.599557470227200184e+00
7.198062500000000696e+00 9.478112815093453491e+00
7.240249999999998742e+00 9.316847089020184214e+00
7.282562500000000050e+00 9.196478990633876194e+00
7.324999999999999289e+00 9.040439648378450599e+00
7.367562500000000902e+00 8.921105183879648237e+00
7.410249999999998671e+00 8.770229587667923710e+00
7.453062499999999702e+00 8.617998874641022766e+00
7.495999999999998664e+00 8.506112100648563157e+00
7.539062500000000888e+00 8.358960770299432852e+00
7.582250000000000156e+00 8.247982831651476943e+00
7.625562500000000021e+00 8.105845255333553823e+00
7.668999999999999595e+00 7.995737573548746369e+00
7.712562500000000654e+00 7.858549871004591125e+00
7.756249999999999645e+00 7.720426334877520169e+00
7.800062500000001009e+00 7.616972168555557587e+00
7.843999999999999417e+00 7.483691615500923433e+00
7.888062500000001087e+00 7.381009416876409546e+00
7.932249999999999801e+00 7.252507013497671906e+00
7.976562500000001776e+00 7.123401937946844065e+00
8.021000000000000796e+00 7.026771330013810157e+00
8.065562500000000412e+00 6.902323189355100475e+00
8.110249999999998849e+00 6.806373456097420060e+00
8.155062499999999659e+00 6.686505184221002374e+00
8.200000000000001066e+00 6.566269637676949600e+00
8.245062499999999517e+00 6.475820123350877644e+00
8.290250000000000341e+00 6.360017655755768828e+00
8.335562499999999986e+00 6.270141714240428321e+00
8.381000000000000227e+00 6.158697727022549806e+00
8.426562499999999289e+00 6.047052956807172031e+00
8.472250000000000725e+00 5.962188667307134260e+00
8.518062499999999204e+00 5.854755629907572256e+00
8.564000000000000057e+00 5.770370277395404202e+00
8.610062499999999730e+00 5.667079416786840795e+00
8.656250000000000000e+00 5.563705009696817250e+00
8.702562499999999091e+00 5.483908657601502590e+00
8.749000000000000554e+00 5.384531493999523022e+00
8.795562500000000838e+00 5.305297875414275666e+00
8.842250000000001720e+00 5.209683865855126328e+00
8.889062499999999645e+00 5.114234427747505585e+00
8.936000000000001720e+00 5.039050833863476520e+00
8.983062499999999062e+00 4.947392491705862483e+00
9.030250000000000554e+00 4.855857004776201080e+00
9.077562500000000867e+00 4.784594925837803991e+00
9.125000000000000000e+00 4.696711244771104354e+00
9.172562499999999730e+00 4.625882825471402171e+00
9.220250000000000057e+00 4.541445789872728511e+00
9.268062500000000981e+00 4.457304213668621173e+00
9.315999999999998948e+00 4.389956630779772162e+00
9.364062500000001066e+00 4.309275672576224459e+00
9.412249999999998451e+00 4.228825761680936601e+00
9.460562499999999986e+00 4.164867187740341592e+00
9.508999999999998565e+00 4.087746511768162172e+00
9.557562500000001293e+00 4.010923426374437106e+00
9.606249999999999289e+00 3.950135414251160437e+00
9.655062500000001435e+00 3.876513521437659371e+00
9.703999999999998849e+00 3.803240972881278825e+00
9.753062500000000412e+00 3.745424049695757596e+00
9.802249999999999019e+00 3.675228158910905485e+00
9.851562500000000000e+00 3.605420848568754000e+00
9.900999999999999801e+00 3.550392083593306936e+00
9.950562500000000199e+00 3.483540540531851359e+00
1.000024999999999942e+01 3.417106225382445572e+00
1.005006250000000101e+01 3.364696565097848868e+00
1.009999999999999964e+01 3.301096905707283646e+00
