# Energy [MeV] 	-	 Rate [MeV^-1 s^-1]
1.000000000000000056e-01 2.842856392067702941e-07
1.000624999999999987e-01 2.743590661192267990e-07
1.002500000000000058e-01 3.079325637159745155e-07
1.005624999999999991e-01 3.723197968912627736e-07
1.010000000000000064e-01 4.831345563497411435e-07
1.015625000000000000e-01 6.693606363916401197e-07
1.022500000000000075e-01 9.836867661963063018e-07
1.030625000000000013e-01 1.521537931956045893e-06
1.040000000000000091e-01 2.455144963230997906e-06
1.050625000000000031e-01 4.092205811507185944e-06
1.062500000000000111e-01 6.970978267079116990e-06
1.075625000000000053e-01 1.200029911403996733e-05
1.089999999999999997e-01 2.063424098244046344e-05
1.105625000000000080e-01 3.502292481840956813e-05
1.122500000000000026e-01 5.799626636018987748e-05
1.140625000000000111e-01 9.264409014520064655e-05
1.160000000000000059e-01 1.412521713294177166e-04
1.180625000000000147e-01 2.035955730727842051e-04
1.202499999999999958e-01 2.751520354848348217e-04
1.225625000000000048e-01 3.464223924130329334e-04
1.250000000000000000e-01 4.045764438136674273e-04
1.275624999999999953e-01 4.375289682023021480e-04
1.302500000000000047e-01 4.387174517340107472e-04
1.330625000000000002e-01 4.098337524061283050e-04
1.360000000000000098e-01 3.598097561759804443e-04
1.390625000000000056e-01 3.008328714602632277e-04
1.422500000000000153e-01 2.439431751263408026e-04
1.455625000000000113e-01 1.964753634050871015e-04
1.490000000000000213e-01 1.619576962675212941e-04
1.525624999999999898e-01 1.413802782010005986e-04
1.562500000000000000e-01 1.325524988049106524e-04
1.600624999999999964e-01 1.334619843508476334e-04
1.640000000000000069e-01 1.440744157045578840e-04
1.680625000000000036e-01 1.662274685356869932e-04
1.722500000000000142e-01 2.039898997886477935e-04
1.765625000000000111e-01 2.503012966024332348e-04
1.809999999999999942e-01 3.400973692900075701e-04
1.855625000000000191e-01 4.789141463184421604e-04
1.902500000000000024e-01 6.898880729964436799e-04
1.950625000000000275e-01 1.001052996611412641e-03
2.000000000000000111e-01 1.436974149951213706e-03
2.050625000000000364e-01 2.005972736390120720e-03
2.102499999999999925e-01 2.712413589755952297e-03
2.155624999999999902e-01 3.551824297102020803e-03
2.210000000000000020e-01 4.504673636307415449e-03
2.265625000000000278e-01 5.535989000314033362e-03
2.322500000000000120e-01 6.598019268880692123e-03
2.380625000000000380e-01 7.635868033996177050e-03
2.439999999999999947e-01 8.595167782120148939e-03
2.500624999999999654e-01 9.015627582813044369e-03
2.562499999999999778e-01 9.671385531473855601e-03
2.625625000000000320e-01 1.017026955902669387e-02
2.690000000000000169e-01 1.052219225750817590e-02
2.755625000000000435e-01 1.075555107820471736e-02
2.822500000000000009e-01 1.091416878705183183e-02
2.890625000000000000e-01 1.105422094080258169e-02
2.960000000000000409e-01 1.124281422814508123e-02
3.030625000000000124e-01 1.155867907861438289e-02
3.102500000000000258e-01 1.205571579517713404e-02
3.175624999999999698e-01 1.274847963520412547e-02
3.249999999999999556e-01 1.365396715561266808e-02
3.325624999999999831e-01 1.424882762371849736e-02
3.402500000000000524e-01 1.560634583891992722e-02
3.480625000000000524e-01 1.724229843183837027e-02
3.559999999999999831e-01 1.918302601205787439e-02
3.640625000000000666e-01 2.145065477484145097e-02
3.722500000000000808e-01 2.405762910029019680e-02
3.805625000000000258e-01 2.699925441942703855e-02
3.890000000000000124e-01 3.024421040721834986e-02
3.975625000000000409e-01 3.372350306778086615e-02
4.062500000000001110e-01 3.612520174313747778e-02
4.150625000000000009e-01 3.969168908523610512e-02
4.239999999999999325e-01 4.328338559750619097e-02
4.330624999999999059e-01 4.687560430380999232e-02
4.422500000000000320e-01 5.045253205234750959e-02
4.515624999999999778e-01 5.400972229934097868e-02
4.609999999999999654e-01 5.755639931709443519e-02
4.705624999999999947e-01 6.111763375706136259e-02
4.802500000000000657e-01 6.287967992457980937e-02
4.900625000000000675e-01 6.656148699408025171e-02
5.000000000000001110e-01 7.045261737798427792e-02
5.100625000000000853e-01 7.464499273646583999e-02
5.202500000000001013e-01 7.916832618631375329e-02
5.305625000000000480e-01 8.403202262613078399e-02
5.409999999999999254e-01 8.924182677026232247e-02
5.515624999999999556e-01 9.232483296522947525e-02
5.622499999999999165e-01 9.814524881966002479e-02
5.730625000000000302e-01 1.042980912023836748e-01
5.839999999999999636e-01 1.107631939954449446e-01
5.950625000000000497e-01 1.175096501737737387e-01
6.062500000000000666e-01 1.244954399488954061e-01
6.175625000000000142e-01 1.316921509763482323e-01
6.290000000000000036e-01 1.358043084009223078e-01
6.405625000000000346e-01 1.433288853989641842e-01
6.522500000000001075e-01 1.510457233895152185e-01
6.640625000000000000e-01 1.589458294549807860e-01
6.759999999999999343e-01 1.670205039645407119e-01
6.880624999999999103e-01 1.752616527829091164e-01
7.002499999999999281e-01 1.796298272818602770e-01
7.125624999999999876e-01 1.881527398463783418e-01
7.249999999999999778e-01 1.968427930000110626e-01
7.375625000000000098e-01 2.056998755750435726e-01
7.502499999999999725e-01 2.147265313643668128e-01
7.630624999999999769e-01 2.239284209322482955e-01
7.760000000000000231e-01 2.285798226207045036e-01
7.890625000000000000e-01 2.381749623747940747e-01
8.022500000000000187e-01 2.480080370806181378e-01
8.155624999999999680e-01 2.580946587276060633e-01
8.290000000000000702e-01 2.684290351029184341e-01
8.425625000000001030e-01 2.790003857542190380e-01
8.562500000000000666e-01 2.844085359697984816e-01
8.700625000000000719e-01 2.954759681449822817e-01
8.840000000000001190e-01 3.067664536995912683e-01
8.980625000000002078e-01 3.182646958660520498e-01
9.122500000000001164e-01 3.299534020571108783e-01
9.265625000000000666e-01 3.357642476620291694e-01
9.409999999999999476e-01 3.478778399645182651e-01
9.555624999999998703e-01 3.601539300157015622e-01
9.702499999999999458e-01 3.725705643134457623e-01
9.850624999999999520e-01 3.851037420303704550e-01
9.999999999999998890e-01 3.977274442356675821e-01
1.015062499999999979e+00 4.039171017482015569e-01
1.030250000000000110e+00 4.168812202211018558e-01
1.045562499999999950e+00 4.299506149817320377e-01
1.061000000000000165e+00 4.431032038892825931e-01
1.076562500000000089e+00 4.491284168646496600e-01
1.092250000000000165e+00 4.626039120067732546e-01
1.108062500000000172e+00 4.761361199151869505e-01
1.124000000000000110e+00 4.897011608567976015e-01
1.140062500000000201e+00 5.032738925607554981e-01
1.156250000000000222e+00 5.092460343125945199e-01
1.172562500000000174e+00 5.230695650901476812e-01
1.189000000000000279e+00 5.368770232401141040e-01
1.205562500000000092e+00 5.506438592408882116e-01
1.222250000000000281e+00 5.643447558267641329e-01
1.239062500000000178e+00 5.701492900101781114e-01
1.256000000000000227e+00 5.840557743136928215e-01
1.273062500000000208e+00 5.978805616236470000e-01
1.290250000000000341e+00 6.115947519896310913e-01
1.307562500000000405e+00 6.168944011533561422e-01
1.325000000000000400e+00 6.307598631748203566e-01
1.342562499999999881e+00 6.444913726641309237e-01
1.360250000000000181e+00 6.580609087539078805e-01
1.378062499999999968e+00 6.627781611410165086e-01
1.395999999999999908e+00 6.764534985378612975e-01
1.414062500000000000e+00 6.899524431003519753e-01
1.432249999999999801e+00 7.032495223479982016e-01
1.450562499999999977e+00 7.073634417566192489e-01
1.469000000000000083e+00 7.207527192274018057e-01
1.487562500000000121e+00 7.339389156197635433e-01
1.506250000000000089e+00 7.469003733069385920e-01
1.525062500000000210e+00 7.504626538833000238e-01
1.544000000000000039e+00 7.635177476940880892e-01
1.563062500000000021e+00 7.763247592466956393e-01
1.582250000000000156e+00 7.888475183798964174e-01
1.601562500000000222e+00 7.918216456501370182e-01
1.621000000000000218e+00 8.043651903118119728e-01
1.640562500000000146e+00 8.165928634198709180e-01
1.660250000000000448e+00 8.284677477660636891e-01
1.680062500000000236e+00 8.307707749617796456e-01
1.700000000000000400e+00 8.426029034758132363e-01
1.720062500000000272e+00 8.540542582640724412e-01
1.740250000000000519e+00 8.650878727606943208e-01
1.760562500000000252e+00 8.666690909711693980e-01
1.781000000000000361e+00 8.776120365982136295e-01
1.801562500000000400e+00 8.881151334539878484e-01
1.822250000000000369e+00 8.981422318250298353e-01
1.843062500000000048e+00 8.989921326845762284e-01
1.863999999999999879e+00 9.089013398644910646e-01
1.885062499999999863e+00 9.183201326084630134e-01
1.906250000000000000e+00 9.181002025788101983e-01
1.927562499999999845e+00 9.273724078403635662e-01
1.948999999999999844e+00 9.361463734110183621e-01
1.970562500000000217e+00 9.443902930710943444e-01
1.992250000000000076e+00 9.435180219146120928e-01
2.014062500000000089e+00 9.516354671358295825e-01
2.036000000000000032e+00 9.592518877800553234e-01
2.058062500000000128e+00 9.575203080681410350e-01
2.080249999999999932e+00 9.651602780252093172e-01
2.102562499999999890e+00 9.723502677706179487e-01
2.125000000000000444e+00 9.699576124101625396e-01
2.147562500000000263e+00 9.771508698106338153e-01
2.170250000000000234e+00 9.838753374246618222e-01
2.193062500000000359e+00 9.900932060148524005e-01
2.216000000000000192e+00 9.875164154959045204e-01
2.239062500000000178e+00 9.937201753568400964e-01
2.262250000000000316e+00 9.994005275443904601e-01
2.285562500000000608e+00 9.961609826816126834e-01
2.309000000000000608e+00 1.001795799412817489e+00
2.332562500000000316e+00 1.006892017647007531e+00
2.356250000000000178e+00 1.003008842811211832e+00
2.380062500000000192e+00 1.008034279711845116e+00
2.403999999999999915e+00 1.012507912272736732e+00
2.428062499999999790e+00 1.008006872623795847e+00
2.452249999999999819e+00 1.012391028226059531e+00
2.476562500000000000e+00 1.016212467485961168e+00
2.500999999999999890e+00 1.011126526237942524e+00
2.525562499999999932e+00 1.014846628842956511e+00
2.550250000000000128e+00 1.017995638260287938e+00
2.575062500000000032e+00 1.012365316096605516e+00
2.600000000000000089e+00 1.015408151635920353e+00
2.625062500000000743e+00 1.017874218407975428e+00
2.650250000000000217e+00 1.011747757467486464e+00
2.675562500000000288e+00 1.014109912724550533e+00
2.701000000000000068e+00 1.015892410141594260e+00
2.726562500000000000e+00 1.009325751162211127e+00
2.752250000000000085e+00 1.011013662002626656e+00
2.778062499999999879e+00 1.012121813454196717e+00
2.804000000000000270e+00 1.005178401600002713e+00
2.830062499999999481e+00 1.006208204060897060e+00
2.856250000000000178e+00 1.006660848980392320e+00
2.882562500000000139e+00 9.994112912475463517e-01
2.909000000000000252e+00 9.998084817175620920e-01
2.935562499999999631e+00 9.996336520894401056e-01
2.962250000000000050e+00 9.921552565055947737e-01
2.989062499999999734e+00 9.919541753667868722e-01
3.016000000000000458e+00 9.911882790049116876e-01
3.043062500000000004e+00 9.835604709017045089e-01
3.070250000000000590e+00 9.827894032516861778e-01
3.097562499999999996e+00 9.814466634007893431e-01
3.125000000000000444e+00 9.737125490236993031e-01
3.152562500000000156e+00 9.723656557271115330e-01
3.180250000000000465e+00 9.640059371094734653e-01
3.208062500000000039e+00 9.626331070005426094e-01
3.236000000000000654e+00 9.607060163858278656e-01
3.264062500000000089e+00 9.522988421275361270e-01
3.292250000000001009e+00 9.503529380425853601e-01
3.320562499999999861e+00 9.478456945946374113e-01
3.349000000000000643e+00 9.394303560058649971e-01
3.377562500000000245e+00 9.369145079785664576e-01
3.406250000000000444e+00 9.279881127150384490e-01
3.435062500000000352e+00 9.254502258293547667e-01
3.463999999999999968e+00 9.223713433456158794e-01
3.493062500000000181e+00 9.135041909366725665e-01
3.522249999999999659e+00 9.104188020639825130e-01
3.551562500000000622e+00 9.011262959683125073e-01
3.580999999999999961e+00 8.980258293313894136e-01
3.610562500000000341e+00 8.944061151064970350e-01
3.640249999999999986e+00 8.852438115272122099e-01
3.670062500000000227e+00 8.816288841918240582e-01
3.699999999999999734e+00 8.774910221454228498e-01
3.730062500000000281e+00 8.685081380544563689e-01
3.760250000000000092e+00 8.643970794468531782e-01
3.790562500000000501e+00 8.550948041857442394e-01
3.821000000000000174e+00 8.510076088512215087e-01
3.851562500000000888e+00 8.414382869605824267e-01
3.882249999999999979e+00 8.373740675943951439e-01
3.913062500000000998e+00 8.328362907355288947e-01
3.944000000000000394e+00 8.235464690165987811e-01
3.975062500000000387e+00 8.190577117918517169e-01
4.006249999999999645e+00 8.095732334353524795e-01
4.037562500000000831e+00 8.051343123369518739e-01
4.068999999999999950e+00 8.002407609778683373e-01
4.100562500000000554e+00 7.910999286429308830e-01
4.132249999999999979e+00 7.862677067439722833e-01
4.164062500000000000e+00 7.769765093445227810e-01
4.195999999999999730e+00 7.721967469239049420e-01
4.228062499999999169e+00 7.627847853627763852e-01
4.260250000000000092e+00 7.580501832533368400e-01
4.292562499999998948e+00 7.528847494106024607e-01
4.325000000000000178e+00 7.438493359187834386e-01
4.357562499999999339e+00 7.387400033207861538e-01
4.390249999999999986e+00 7.296146592358819793e-01
4.423062499999999453e+00 7.245559199718141219e-01
4.456000000000000405e+00 7.153658323467722013e-01
4.489062499999999289e+00 7.103533878592137585e-01
4.522249999999999659e+00 7.049317951183878828e-01
4.555562499999999737e+00 6.961524575345849897e-01
4.589000000000000412e+00 6.907895123462359788e-01
4.622562499999999019e+00 6.819724070452171105e-01
4.656250000000000000e+00 6.766652792688904183e-01
4.690062499999999801e+00 6.678317914758031826e-01
4.724000000000000199e+00 6.625783520164190143e-01
4.758062499999999417e+00 6.537484794883094974e-01
4.792250000000000121e+00 6.485474001814163225e-01
4.826562499999999645e+00 6.397396793515002233e-01
4.861000000000000654e+00 6.345903338495880730e-01
4.895562499999999595e+00 6.290795649778951892e-01
4.930250000000000909e+00 6.207243296994107151e-01
4.965062500000000156e+00 6.152784964418190894e-01
5.000000000000000888e+00 6.069658495463781112e-01
5.035062500000000441e+00 6.015848613537501111e-01
5.070249999999998813e+00 5.933293799895981158e-01
5.105562499999999559e+00 5.880109189951390203e-01
5.141000000000000014e+00 5.798237469669897948e-01
5.176562500000000178e+00 5.745649355329188746e-01
5.212249999999999162e+00 5.664561639180226704e-01
5.248062499999999631e+00 5.612546435103034081e-01
5.283999999999998920e+00 5.532335490761163266e-01
5.320062499999999694e+00 5.480874230662332591e-01
5.356249999999999289e+00 5.401625347100090790e-01
5.392562500000000369e+00 5.350703156667785398e-01
5.428999999999998494e+00 5.272494729158272442e-01
5.465562500000000767e+00 5.222100338740299774e-01
5.502249999999999197e+00 5.145004382456633829e-01
5.539062500000000000e+00 5.095129675960954341e-01
5.575999999999999623e+00 5.019212281907701190e-01
5.613062500000000732e+00 4.969851878087809816e-01
5.650249999999999773e+00 4.895173617404929844e-01
5.687562500000000298e+00 4.846324480748129826e-01
5.724999999999999645e+00 4.794684462954049708e-01
5.762562500000001364e+00 4.724601844203496492e-01
5.800250000000000128e+00 4.652563251858932158e-01
5.838062500000000377e+00 4.604735140750040312e-01
5.875999999999999446e+00 4.534087707288201874e-01
5.914062500000000888e+00 4.486772333263989165e-01
5.952249999999999375e+00 4.417557819751526949e-01
5.990562500000000234e+00 4.370758148792012188e-01
6.028999999999999915e+00 4.303013907283221862e-01
6.067562499999999304e+00 4.256729299326614258e-01
6.106250000000000178e+00 4.190476577721679030e-01
6.145062499999998984e+00 4.144692418313712934e-01
6.184000000000000163e+00 4.079941858187063897e-01
6.223062499999999275e+00 4.034643401750392377e-01
6.262249999999999872e+00 3.971403723753992310e-01
6.301562499999999289e+00 3.926577605269325200e-01
6.341000000000001080e+00 3.864855780738524760e-01
6.380562499999999915e+00 3.820489810797007002e-01
6.420250000000000234e+00 3.760291204785823904e-01
6.460062499999999375e+00 3.716374174343626269e-01
6.500000000000000888e+00 3.657702677568197558e-01
6.540062499999999446e+00 3.614224170999491559e-01
6.580250000000000377e+00 3.557082321919097789e-01
6.620562500000000128e+00 3.514033616276880934e-01
6.661000000000001364e+00 3.458421636287760115e-01
6.701562499999999645e+00 3.401928359882819275e-01
6.742250000000000298e+00 3.361711428901179577e-01
6.783062499999999773e+00 3.306776151305887979e-01
6.824000000000000732e+00 3.266941752418136002e-01
6.865062499999999623e+00 3.213560024223652278e-01
6.906250000000000888e+00 3.174101838811778098e-01
6.947562500000000085e+00 3.122268435485360261e-01
6.989000000000000767e+00 3.083180035376450467e-01
7.030562500000000270e+00 3.032888912184144581e-01
7.072249999999999481e+00 2.994163044841720023e-01
7.114062499999999289e+00 2.945402334802655897e-01
7.155999999999998806e+00 2.896072827435720032e-01
7.198062500000000696e+00 2.859781109284127432e-01
7.240249999999998742e+00 2.811971925338175859e-01
7.282562500000000050e+00 2.775997185226810049e-01
7.324999999999999289e+00 2.729692290524000087e-01
7.367562500000000902e+00 2.694022616168040840e-01
7.410249999999998671e+00 2.649206224695312417e-01
7.453062499999999702e+00 2.603997581128836281e-01
7.495999999999998664e+00 2.570486099042274541e-01
7.539062500000000888e+00 2.526744564895254119e-01
7.582250000000000156e+00 2.493504269470222523e-01
7.625562500000000021e+00 2.451212942088644153e-01
7.668999999999999595e+00 2.418232992084829724e-01
7.712562500000000654e+00 2.377375375160203641e-01
7.756249999999999645e+00 2.336247630637700023e-01
7.800062500000001009e+00 2.305204392747666753e-01
7.843999999999999417e+00 2.265482043966913217e-01
7.888062500000001087e+00 2.234672307618433829e-01
7.932249999999999801e+00 2.196338338123146050e-01
7.976562500000001776e+00 2.157831140516179025e-01
8.021000000000000796e+00 2.128789046920165073e-01
8.065562500000000412e+00 2.091637448079363970e-01
8.110249999999998849e+00 2.062803584387555011e-01
8.155062499999999659e+00 2.026986619631636344e-01
8.200000000000001066e+00 1.991065111217251160e-01
8.245062499999999517e+00 1.963842772941738479e-01
8.290250000000000341e+00 1.929215153131386140e-01
8.335562499999999986e+00 1.902170367923885219e-01
8.381000000000000227e+00 1.868816167475507717e-01
8.426562499999999289e+00 1.835406219070310208e-01
8.472250000000000725e+00 1.809833940870414770e-01
8.518062499999999204e+00 1.777656419158262779e-01
8.564000000000000057e+00 1.752234459923709686e-01
8.610062499999999730e+00 1.721270183944777488e-01
8.656250000000000000e+00 1.690284733183737009e-01
8.702562499999999091e+00 1.666214677411781420e-01
8.749000000000000554e+00 1.636401755842856742e-01
8.795562500000000838e+00 1.612457592936437922e-01
8.842250000000001720e+00 1.583798893105298200e-01
8.889062499999999645e+00 1.555142790614501003e-01
8.936000000000001720e+00 1.532444371765465940e-01
8.983062499999999062e+00 1.504902928533248252e-01
9.030250000000000554e+00 1.477400979813988380e-01
9.077562500000000867e+00 1.455863166394011643e-01
9.125000000000000000e+00 1.429436434557219138e-01
9.172562499999999730e+00 1.407993136725099459e-01
9.220250000000000057e+00 1.382625351084519061e-01
9.268062500000000981e+00 1.357305011970185438e-01
9.315999999999998948e+00 1.336937789425440282e-01
9.364062500000001066e+00 1.312638587699596349e-01
9.412249999999998451e+00 1.288411029539025809e-01
9.460562499999999986e+00 1.269051033971755615e-01
9.508999999999998565e+00 1.245807144617827045e-01
9.557562500000001293e+00 1.222654461787769792e-01
9.606249999999999289e+00 1.204238568722352104e-01
9.655062500000001435e+00 1.182032944294252180e-01
9.703999999999998849e+00 1.159933788034932800e-01
9.753062500000000412e+00 1.142404232420469595e-01
9.802249999999999019e+00 1.121216437373952907e-01
9.851562500000000000e+00 1.100146721485110723e-01
9.900999999999999801e+00 1.083450412188242673e-01
9.950562500000000199e+00 1.063257320108419446e-01
1.000024999999999942e+01 1.043190821270972429e-01
1.005006250000000101e+01 1.027278576103018426e-01
1.009999999999999964e+01 1.008053748949625378e-01
