# Energy [MeV] 	-	 Rate [MeV^-1 s^-1]
1.000000000000000056e-01 1.058310048934234861e-05
1.000624999999999987e-01 9.733472058383285089e-06
1.002500000000000058e-01 1.092565584787512298e-05
1.005624999999999991e-01 1.321235404670654520e-05
1.010000000000000064e-01 1.714876279861137057e-05
1.015625000000000000e-01 2.376585810754318649e-05
1.022500000000000075e-01 3.493866353232105091e-05
1.030625000000000013e-01 5.406487761818266479e-05
1.040000000000000091e-01 8.728079210883088359e-05
1.050625000000000031e-01 1.455571019070532059e-04
1.062500000000000111e-01 2.481009610516304344e-04
1.075625000000000053e-01 4.273748831765687749e-04
1.089999999999999997e-01 7.353769582478029802e-04
1.105625000000000080e-01 1.249107561992364923e-03
1.122500000000000026e-01 2.070110654108638353e-03
1.140625000000000111e-01 3.309606741114810239e-03
1.160000000000000059e-01 5.050528635542863437e-03
1.180625000000000147e-01 7.286345918539373530e-03
1.202499999999999958e-01 9.856653338582212556e-03
1.225625000000000048e-01 1.242202494833445636e-02
1.250000000000000000e-01 1.452211833411609122e-02
1.275624999999999953e-01 1.572140170390566583e-02
1.302500000000000047e-01 1.578103521953751545e-02
1.330625000000000002e-01 1.475823542534021419e-02
1.360000000000000098e-01 1.297133819962529959e-02
1.390625000000000056e-01 1.085751202649657722e-02
1.422500000000000153e-01 8.814425734155464584e-03
1.455625000000000113e-01 7.107552165381132887e-03
1.490000000000000213e-01 5.865778152002000707e-03
1.525624999999999898e-01 5.126603180455547616e-03
1.562500000000000000e-01 4.812266511263724005e-03
1.600624999999999964e-01 4.851138087242481099e-03
1.640000000000000069e-01 5.243244256152566375e-03
1.680625000000000036e-01 6.056831939014111627e-03
1.722500000000000142e-01 7.444727564270871289e-03
1.765625000000000111e-01 8.726330145781507550e-03
1.809999999999999942e-01 1.187145948571671078e-02
1.855625000000000191e-01 1.673748427437409675e-02
1.902500000000000024e-01 2.414025603247410903e-02
1.950625000000000275e-01 3.507113261103436685e-02
2.000000000000000111e-01 5.040454565994879899e-02
2.050625000000000364e-01 7.044856730369521147e-02
2.102499999999999925e-01 9.537348973480014314e-02
2.155624999999999902e-01 1.250391483849075669e-01
2.210000000000000020e-01 1.587737655184677799e-01
2.265625000000000278e-01 1.953572906652344121e-01
2.322500000000000120e-01 2.331122712242583717e-01
2.380625000000000380e-01 2.701004878801505082e-01
2.439999999999999947e-01 3.043932988910920678e-01
2.500624999999999654e-01 3.065848152518068637e-01
2.562499999999999778e-01 3.292584579484664209e-01
2.625625000000000320e-01 3.466337495609712605e-01
2.690000000000000169e-01 3.590306079278027251e-01
2.755625000000000435e-01 3.674021354931912287e-01
2.822500000000000009e-01 3.732334535599773906e-01
2.890625000000000000e-01 3.784393524596202374e-01
2.960000000000000409e-01 3.853178018700241791e-01
3.030625000000000124e-01 3.965756757094222595e-01
3.102500000000000258e-01 4.140787691309909535e-01
3.175624999999999698e-01 4.383480498028040073e-01
3.249999999999999556e-01 4.702304843326294836e-01
3.325624999999999831e-01 4.732419793368345395e-01
3.402500000000000524e-01 5.188535764590936905e-01
3.480625000000000524e-01 5.738197577607537792e-01
3.559999999999999831e-01 6.390455943372558290e-01
3.640625000000000666e-01 7.152990912214620689e-01
3.722500000000000808e-01 8.030280607680823080e-01
3.805625000000000258e-01 9.021094582403986761e-01
3.890000000000000124e-01 1.011529384250544394e+00
3.975625000000000409e-01 1.129647503337418923e+00
4.062500000000001110e-01 1.172078166118447617e+00
4.150625000000000009e-01 1.288968527743365344e+00
4.239999999999999325e-01 1.406884319367650349e+00
4.330624999999999059e-01 1.525024616100729036e+00
4.422500000000000320e-01 1.642875005986065950e+00
4.515624999999999778e-01 1.760290175048473404e+00
4.609999999999999654e-01 1.877570764086132771e+00
4.705624999999999947e-01 1.996768321068436380e+00
4.802500000000000657e-01 1.997224463906492220e+00
4.900625000000000675e-01 2.115918718588277070e+00
5.000000000000001110e-01 2.241459859823688117e+00
5.100625000000000853e-01 2.376792172208943121e+00
5.202500000000001013e-01 2.522887526629746358e+00
5.305625000000000480e-01 2.680073678236239321e+00
5.409999999999999254e-01 2.848563124550242076e+00
5.515624999999999556e-01 2.876092937174593356e+00
5.622499999999999165e-01 3.059715681625434502e+00
5.730625000000000302e-01 3.253974108451019198e+00
5.839999999999999636e-01 3.458262867303457888e+00
5.950625000000000497e-01 3.671639630640649798e+00
6.062500000000000666e-01 3.892812309971651619e+00
6.175625000000000142e-01 4.120911391250795752e+00
6.290000000000000036e-01 4.158639832107953183e+00
6.405625000000000346e-01 4.392071802895828547e+00
6.522500000000001075e-01 4.631702030204237985e+00
6.640625000000000000e-01 4.877267511889588292e+00
6.759999999999999343e-01 5.128514006989109753e+00
6.880624999999999103e-01 5.385205690230105979e+00
7.002499999999999281e-01 5.413935118251577805e+00
7.125624999999999876e-01 5.674364305142542975e+00
7.249999999999999778e-01 5.940136433816057604e+00
7.375625000000000098e-01 6.211257317833551284e+00
7.502499999999999725e-01 6.487813269350025003e+00
7.630624999999999769e-01 6.769985290848055115e+00
7.760000000000000231e-01 6.791981969020191023e+00
7.890625000000000000e-01 7.081127131596628210e+00
8.022500000000000187e-01 7.377639316105221390e+00
8.155624999999999680e-01 7.681992978078354462e+00
8.290000000000000702e-01 7.994026069791074995e+00
8.425625000000001030e-01 8.313427348340516332e+00
8.562500000000000666e-01 8.343250944654233336e+00
8.700625000000000719e-01 8.672390866599725356e+00
8.840000000000001190e-01 9.008359724988796557e+00
8.980625000000002078e-01 9.350712566971592921e+00
9.122500000000001164e-01 9.698944270125862133e+00
9.265625000000000666e-01 9.731293542278542930e+00
9.409999999999999476e-01 1.008711025679225237e+01
9.555624999999998703e-01 1.044788892015258064e+01
9.702499999999999458e-01 1.081298941439949601e+01
9.850624999999999520e-01 1.118170995835983383e+01
9.999999999999998890e-01 1.156367760997448357e+01
1.015062499999999979e+00 1.158327483109408718e+01
1.030250000000000110e+00 1.196001633325071012e+01
1.045562499999999950e+00 1.233996766942510348e+01
1.061000000000000165e+00 1.272248276683782109e+01
1.076562500000000089e+00 1.274531738925020363e+01
1.092250000000000165e+00 1.313272571942134270e+01
1.108062500000000172e+00 1.352188380995916717e+01
1.124000000000000110e+00 1.391209518588529193e+01
1.140062500000000201e+00 1.430262421966031994e+01
1.156250000000000222e+00 1.431803085983172252e+01
1.172562500000000174e+00 1.471164840894285852e+01
1.189000000000000279e+00 1.510487545931455067e+01
1.205562500000000092e+00 1.549699402917768332e+01
1.222250000000000281e+00 1.590283847096561942e+01
1.239062500000000178e+00 1.589356279471960853e+01
1.256000000000000227e+00 1.628596351405061426e+01
1.273062500000000208e+00 1.667605249963670389e+01
1.290250000000000341e+00 1.706298677009602827e+01
1.307562500000000405e+00 1.705560678209462822e+01
1.325000000000000400e+00 1.744349293147411117e+01
1.342562499999999881e+00 1.782756931990638449e+01
1.360250000000000181e+00 1.820701795479648055e+01
1.378062499999999968e+00 1.818467269099752315e+01
1.395999999999999908e+00 1.856415578549046330e+01
1.414062500000000000e+00 1.893861736177720800e+01
1.432249999999999801e+00 1.930730958823977517e+01
1.450562499999999977e+00 1.927026791470443357e+01
1.469000000000000083e+00 1.963895420856940177e+01
1.487562500000000121e+00 2.000184756688746290e+01
1.506250000000000089e+00 2.035830346335606933e+01
1.525062500000000210e+00 2.030873076919726827e+01
1.544000000000000039e+00 2.066553147498467524e+01
1.563062500000000021e+00 2.101527566554635129e+01
1.582250000000000156e+00 2.135692358698246451e+01
1.601562500000000222e+00 2.129450619446881277e+01
1.621000000000000218e+00 2.163483984848057773e+01
1.640562500000000146e+00 2.196624786159176779e+01
1.660250000000000448e+00 2.228766995892170399e+01
1.680062500000000236e+00 2.221088638039747920e+01
1.700000000000000400e+00 2.252961460920170467e+01
1.720062500000000272e+00 2.283763880505442501e+01
1.740250000000000519e+00 2.313389666629650065e+01
1.760562500000000252e+00 2.304213482517267764e+01
1.781000000000000361e+00 2.333475648962619431e+01
1.801562500000000400e+00 2.361506198950020874e+01
1.822250000000000369e+00 2.390918289063257518e+01
1.843062500000000048e+00 2.377575851539805285e+01
1.863999999999999879e+00 2.403868609370075049e+01
1.885062499999999863e+00 2.428791888611819871e+01
1.906250000000000000e+00 2.415882041085669485e+01
1.927562499999999845e+00 2.440347549718835296e+01
1.948999999999999844e+00 2.463427310607055887e+01
1.970562500000000217e+00 2.487926532911299660e+01
1.992250000000000076e+00 2.470977263774724264e+01
2.014062500000000089e+00 2.492205342733573659e+01
2.036000000000000032e+00 2.512035977056614300e+01
2.058062500000000128e+00 2.496287739017312290e+01
2.080249999999999932e+00 2.516151363976403843e+01
2.102562499999999890e+00 2.534754510311474363e+01
2.125000000000000444e+00 2.517823685310030157e+01
2.147562500000000263e+00 2.536417087281913751e+01
2.170250000000000234e+00 2.553704141140469730e+01
2.193062500000000359e+00 2.569577342818947230e+01
2.216000000000000192e+00 2.552785976747053098e+01
2.239062500000000178e+00 2.568626621416822431e+01
2.262250000000000316e+00 2.583013249132812916e+01
2.285562500000000608e+00 2.565030443994472975e+01
2.309000000000000608e+00 2.579312689980479334e+01
2.332562500000000316e+00 2.592104954739270539e+01
2.356250000000000178e+00 2.572976732700697866e+01
2.380062500000000192e+00 2.585608819790591184e+01
2.403999999999999915e+00 2.596720058837342648e+01
2.428062499999999790e+00 2.576509874964198232e+01
2.452249999999999819e+00 2.587421879881707909e+01
2.476562500000000000e+00 2.596788003813174583e+01
2.500999999999999890e+00 2.575577602378884379e+01
2.525562499999999932e+00 2.584722680743621481e+01
2.550250000000000128e+00 2.592303233953332153e+01
2.575062500000000032e+00 2.570193067053935110e+01
2.600000000000000089e+00 2.577548272876789071e+01
2.625062500000000743e+00 2.583327054508448839e+01
2.650250000000000217e+00 2.560436271789133400e+01
2.675562500000000288e+00 2.566002914849117644e+01
2.701000000000000068e+00 2.569988125553399527e+01
2.726562500000000000e+00 2.546454158857217109e+01
2.752250000000000085e+00 2.550257679336296590e+01
2.778062499999999879e+00 2.552481578800805195e+01
2.804000000000000270e+00 2.528459363177304908e+01
2.830062499999999481e+00 2.530548723044511661e+01
2.856250000000000178e+00 2.531066803609760996e+01
2.882562500000000139e+00 2.506727693016939185e+01
2.909000000000000252e+00 2.507174303828931983e+01
2.935562499999999631e+00 2.506064005454439680e+01
2.962250000000000050e+00 2.481594459307911293e+01
2.989062499999999734e+00 2.480490685326059719e+01
3.016000000000000458e+00 2.477849144921313496e+01
3.043062500000000004e+00 2.453439195671491646e+01
3.070250000000000590e+00 2.450861009206160901e+01
3.097562499999999996e+00 2.449947896196679409e+01
3.125000000000000444e+00 2.422476638185482045e+01
3.152562500000000156e+00 2.418414069880638806e+01
3.180250000000000465e+00 2.392814611788772439e+01
3.208062500000000039e+00 2.388760500483830640e+01
3.236000000000000654e+00 2.383206910644683774e+01
3.264062500000000089e+00 2.357890463930645453e+01
3.292250000000001009e+00 2.352366758391016788e+01
3.320562499999999861e+00 2.348455770072282078e+01
3.349000000000000643e+00 2.320381465843393798e+01
3.377562500000000245e+00 2.313399576333018715e+01
3.406250000000000444e+00 2.287372109736143244e+01
3.435062500000000352e+00 2.280409289984177690e+01
3.463999999999999968e+00 2.271989503230656737e+01
3.493062500000000181e+00 2.246479787427164965e+01
3.522249999999999659e+00 2.238120698028568967e+01
3.551562500000000622e+00 2.211730930458737632e+01
3.580999999999999961e+00 2.203405478366369863e+01
3.610562500000000341e+00 2.193685035580782028e+01
3.640249999999999986e+00 2.167967103290062170e+01
3.670062500000000227e+00 2.158332068199931086e+01
3.699999999999999734e+00 2.150224730949439333e+01
3.730062500000000281e+00 2.122358275157251484e+01
3.760250000000000092e+00 2.111460281406760942e+01
3.790562500000000501e+00 2.085884533814850883e+01
3.821000000000000174e+00 2.075115591667174542e+01
3.851562500000000888e+00 2.049027158595416864e+01
3.882249999999999979e+00 2.038379741496773789e+01
3.913062500000000998e+00 2.026462606501224073e+01
3.944000000000000394e+00 2.001370258505053101e+01
3.975062500000000387e+00 1.989640319157955162e+01
4.006249999999999645e+00 1.964200065216786584e+01
4.037562500000000831e+00 1.952654116986300892e+01
4.068999999999999950e+00 1.939889627684216933e+01
4.100562500000000554e+00 1.915581376951562476e+01
4.132249999999999979e+00 1.903030745414810809e+01
4.164062500000000000e+00 1.878470320037598640e+01
4.195999999999999730e+00 1.866107213491024908e+01
4.228062499999999169e+00 1.841366031894808231e+01
4.260250000000000092e+00 1.829168408894119224e+01
4.292562499999998948e+00 1.815820464512573906e+01
4.325000000000000178e+00 1.792261122197769652e+01
4.357562499999999339e+00 1.779106999850687743e+01
4.390249999999999986e+00 1.755429883683727965e+01
4.423062499999999453e+00 1.742452190103271192e+01
4.456000000000000405e+00 1.718717220734562190e+01
4.489062499999999289e+00 1.705901845197595534e+01
4.522249999999999659e+00 1.694386760362993627e+01
4.555562499999999737e+00 1.669499603069650817e+01
4.589000000000000412e+00 1.655788625387565460e+01
4.622562499999999019e+00 1.633287121455517976e+01
4.656250000000000000e+00 1.619759574181763639e+01
4.690062499999999801e+00 1.597304226053715404e+01
4.724000000000000199e+00 1.583951692693247892e+01
4.758062499999999417e+00 1.561589023295981349e+01
4.792250000000000121e+00 1.548405255864926744e+01
4.826562499999999645e+00 1.526177984358291795e+01
4.861000000000000654e+00 1.513158633846368062e+01
4.895562499999999595e+00 1.501321458457782221e+01
4.930250000000000909e+00 1.478248377437299510e+01
4.965062500000000156e+00 1.464467281481882210e+01
5.000000000000000888e+00 1.443709282941971850e+01
5.035062500000000441e+00 1.430122561135855541e+01
5.070249999999998813e+00 1.409571415782406056e+01
5.105562499999999559e+00 1.396170953584137919e+01
5.141000000000000014e+00 1.375851399245176054e+01
5.176562500000000178e+00 1.362627944083514819e+01
5.212249999999999162e+00 1.342562091388804646e+01
5.248062499999999631e+00 1.329507800267281681e+01
5.283999999999998920e+00 1.309715725643659567e+01
5.320062499999999694e+00 1.296824009662763366e+01
5.356249999999999289e+00 1.277323935653875964e+01
5.392562500000000369e+00 1.264589317566483828e+01
5.428999999999998494e+00 1.245397771145226429e+01
5.465562500000000767e+00 1.232815754411149456e+01
5.502249999999999197e+00 1.213947705685629153e+01
5.539062500000000000e+00 1.201514653933581478e+01
5.575999999999999623e+00 1.182983639213193605e+01
5.613062500000000732e+00 1.170696664964079226e+01
5.650249999999999773e+00 1.152514894920244082e+01
5.687562500000000298e+00 1.140371756716177565e+01
5.724999999999999645e+00 1.129139960051236180e+01
5.762562500000001364e+00 1.110549220696683470e+01
5.800250000000000128e+00 1.093097744450584230e+01
5.838062500000000377e+00 1.081237668876900671e+01
5.875999999999999446e+00 1.064165035746990107e+01
5.914062500000000888e+00 1.052445029850145453e+01
5.952249999999999375e+00 1.035759022395117057e+01
5.990562500000000234e+00 1.024178543096986616e+01
6.028999999999999915e+00 1.007885926682208400e+01
6.067562499999999304e+00 9.964436413783523960e+00
6.106250000000000178e+00 9.805474340834610558e+00
6.145062499999998984e+00 9.692387964234042030e+00
6.184000000000000163e+00 9.537395741537073590e+00
6.223062499999999275e+00 9.425600692984231088e+00
6.262249999999999872e+00 9.274580053427536441e+00
6.301562499999999289e+00 9.164034981087253229e+00
6.341000000000001080e+00 9.016984050013226337e+00
6.380562499999999915e+00 8.907650860497737355e+00
6.420250000000000234e+00 8.764564506927467136e+00
6.460062499999999375e+00 8.656407854697407700e+00
6.500000000000000888e+00 8.517278014290932120e+00
6.540062499999999446e+00 8.410264814605062256e+00
6.580250000000000377e+00 8.275080781757965909e+00
6.620562500000000128e+00 8.181287047708506677e+00
6.661000000000001364e+00 8.037928451835274046e+00
6.701562499999999645e+00 7.904301970020100043e+00
6.742250000000000298e+00 7.805775906603443559e+00
6.783062499999999773e+00 7.676130209762224155e+00
6.824000000000000732e+00 7.578577079260752747e+00
6.865062499999999623e+00 7.452886260885647651e+00
6.906250000000000888e+00 7.356284773421797318e+00
6.947562500000000085e+00 7.234521699689435259e+00
6.989000000000000767e+00 7.138850475146334418e+00
7.030562500000000270e+00 7.020986685772546032e+00
7.072249999999999481e+00 6.936557511826411115e+00
7.114062499999999289e+00 6.812216702174318073e+00
7.155999999999998806e+00 6.696627219583989543e+00
7.198062500000000696e+00 6.608128366960404954e+00
7.240249999999998742e+00 6.496357336122094317e+00
7.282562500000000050e+00 6.408637990686783859e+00
7.324999999999999289e+00 6.300635387440185475e+00
7.367562500000000902e+00 6.213662829989971215e+00
7.410249999999998671e+00 6.109379814866166214e+00
7.453062499999999702e+00 6.003965010236460564e+00
7.495999999999998664e+00 5.922509880179415376e+00
7.539062500000000888e+00 5.820749087603370953e+00
7.582250000000000156e+00 5.739945428000151395e+00
7.625562500000000021e+00 5.641788290384723403e+00
7.668999999999999595e+00 5.561606654302067909e+00
7.712562500000000654e+00 5.467004335557321681e+00
7.756249999999999645e+00 5.371582080423073613e+00
7.800062500000001009e+00 5.296319168728495619e+00
7.843999999999999417e+00 5.204370948441603417e+00
7.888062500000001087e+00 5.129654742913937859e+00
7.932249999999999801e+00 5.041131577264794217e+00
7.976562500000001776e+00 4.952038038806020559e+00
8.021000000000000796e+00 4.881787451852267701e+00
8.065562500000000412e+00 4.796028555374525659e+00
8.110249999999998849e+00 4.726255333640739131e+00
8.155062499999999659e+00 4.643774099427690594e+00
8.200000000000001066e+00 4.560900713706515397e+00
8.245062499999999517e+00 4.495180289785209560e+00
8.290250000000000341e+00 4.415476783086594637e+00
8.335562499999999986e+00 4.350153941947204395e+00
8.381000000000000227e+00 4.273565547410167476e+00
8.426562499999999289e+00 4.196712679512528688e+00
8.472250000000000725e+00 4.135077779739548376e+00
8.518062499999999204e+00 4.061232699056202655e+00
8.564000000000000057e+00 3.999925055498254167e+00
8.610062499999999730e+00 3.929036955756707528e+00
8.656250000000000000e+00 3.857975738712372760e+00
8.702562499999999091e+00 3.800040529609003848e+00
8.749000000000000554e+00 3.731830660005720723e+00
8.795562500000000838e+00 3.679734732924885066e+00
8.842250000000001720e+00 3.608753608604088114e+00
8.889062499999999645e+00 3.543237890738778706e+00
8.936000000000001720e+00 3.488663083131363418e+00
8.983062499999999062e+00 3.425848914172563653e+00
9.030250000000000554e+00 3.363022749848723958e+00
9.077562500000000867e+00 3.311322414371345335e+00
9.125000000000000000e+00 3.251096752363336506e+00
9.172562499999999730e+00 3.204452572784254105e+00
9.220250000000000057e+00 3.141913871716809581e+00
9.268062500000000981e+00 3.084258339419460704e+00
9.315999999999998948e+00 3.035398207973925455e+00
9.364062500000001066e+00 2.980204971757669963e+00
9.412249999999998451e+00 2.925087975895297898e+00
9.460562499999999986e+00 2.878705497220530152e+00
9.508999999999998565e+00 2.825955875996590816e+00
9.557562500000001293e+00 2.773335175228209604e+00
9.606249999999999289e+00 2.729267693413185203e+00
9.655062500000001435e+00 2.678922001350164450e+00
9.703999999999998849e+00 2.628746877317550190e+00
9.753062500000000412e+00 2.586845984019864542e+00
9.802249999999999019e+00 2.538856163129040056e+00
9.851562500000000000e+00 2.491069215401889192e+00
9.900999999999999801e+00 2.451198929627867340e+00
9.950562500000000199e+00 2.405510334277413342e+00
1.000024999999999942e+01 2.360048999212196463e+00
1.005006250000000101e+01 2.322083805965330150e+00
1.009999999999999964e+01 2.278633940391241897e+00
