3.998944309926999896e+00 4.301666666660000082e-01
3.998944309926999896e+00 6.583333333330000370e-01
3.998944309926999896e+00 2.619333333333000446e+00
3.998944309926999896e+00 2.853666666665999774e+00
4.010276029054999469e+00 3.673833333332999995e+00
4.191583535108000191e+00 4.567999999999000416e+00
4.259573849878000473e+00 4.660499999999000664e+00
4.792164648910000047e+00 5.024333333331999718e+00
4.877152542371999466e+00 5.042833333332000123e+00
5.551389830507999612e+00 4.876333333333000120e+00
6.537249394673000147e+00 4.074666666666000303e+00
7.279476997578000486e+00 3.340833333333000255e+00
7.755409200968000683e+00 2.619333333333000446e+00
8.146353510895000483e+00 1.706666666665999976e+00
8.174682808715999727e+00 -4.208333333329999926e-01
7.755409200968000683e+00 -1.444499999999000028e+00
7.154828087167000028e+00 -2.418833333332999658e+00
6.184810099999999977e+00 -3.269444491999999869e+00
5.900000000000000355e+00 -3.518281658999999895e+00
5.741772200000000659e+00 -3.621963802999999871e+00
5.602531599999999834e+00 -3.780943119000000241e+00
4.418987300000000396e+00 -3.145025855000000092e+00
4.349367100000000264e+00 -2.992958631999999675e+00
4.248101299999999192e+00 -2.854715808999999993e+00
4.089873399999999215e+00 -2.751033558000000490e+00
3.998944309926999896e+00 -2.535999999998999943e+00
3.998944309926999896e+00 -1.771333333332999915e+00
3.998944309926999896e+00 -1.450666666666000193e+00
3.998944309926999896e+00 -6.859999999990000763e-01
3.998944309926999896e+00 4.301666666660000082e-01
