# MCNP - ITER RGRS first wall gamma background rate - attenuation: 1.2m LiH + 4cm stainless steel 
#                E [MeV]             R [counts/s]
2.000000000000000111e-01 1.721283028571572213e+05
2.999999999999999889e-01 1.125732093694163341e+05
4.000000000000000222e-01 7.913160659530584235e+04
5.000000000000000000e-01 7.067334512962502777e+04
5.999999999999999778e-01 1.249109736317921925e+05
6.999999999999999556e-01 7.350004767953661212e+04
8.000000000000000444e-01 7.124103500899641949e+04
9.000000000000000222e-01 8.751808769454485446e+04
1.000000000000000000e+00 8.711484397261052800e+04
1.100000000000000089e+00 7.520922452824964421e+04
1.199999999999999956e+00 9.084859502613407676e+04
1.300000000000000044e+00 1.045850867777004896e+05
1.399999999999999911e+00 1.211933670950050000e+05
1.500000000000000000e+00 8.529750040273048216e+04
1.600000000000000089e+00 1.236754314262499247e+05
1.699999999999999956e+00 1.230295164060460083e+05
1.800000000000000044e+00 1.454637187537933351e+05
1.899999999999999911e+00 1.575208927022090938e+05
2.000000000000000000e+00 1.288302279494626855e+05
2.100000000000000089e+00 1.325375695093743852e+05
2.200000000000000178e+00 1.444407618793745642e+05
2.299999999999999822e+00 1.820648585108891129e+05
2.399999999999999911e+00 1.680836366762569814e+05
2.500000000000000000e+00 1.667786000641364080e+05
2.600000000000000089e+00 1.766760233860031003e+05
2.700000000000000178e+00 1.962630720031968376e+05
2.799999999999999822e+00 1.667915745841385215e+05
2.899999999999999911e+00 2.184628806711807847e+05
3.000000000000000000e+00 1.890977796560644347e+05
3.100000000000000089e+00 1.933633186682912346e+05
3.200000000000000178e+00 1.989325073692136502e+05
3.299999999999999822e+00 1.942025627150451182e+05
3.399999999999999911e+00 2.024480406246942002e+05
3.500000000000000000e+00 1.834583752551227226e+05
3.600000000000000089e+00 2.231237258480727323e+05
3.700000000000000178e+00 1.953424430940940219e+05
3.799999999999999822e+00 2.526957628609821550e+05
3.899999999999999911e+00 2.136678985105067550e+05
4.000000000000000000e+00 2.264383790038999869e+05
4.099999999999999645e+00 1.861529624312783999e+05
4.200000000000000178e+00 1.510506831208768417e+05
4.299999999999999822e+00 2.098515640216024185e+05
4.400000000000000355e+00 1.871196522445010196e+05
4.500000000000000000e+00 1.451491086140690022e+05
4.599999999999999645e+00 1.633635697480670642e+05
4.700000000000000178e+00 8.349973645522097650e+04
4.799999999999999822e+00 1.465173586855361937e+05
4.900000000000000355e+00 1.183389244716644898e+05
5.000000000000000000e+00 1.278760513393140427e+05
5.099999999999999645e+00 1.472622464218007808e+05
5.200000000000000178e+00 1.068991202744923939e+05
5.299999999999999822e+00 1.194205321211445407e+05
5.400000000000000355e+00 1.060402677088026976e+05
5.500000000000000000e+00 1.157496500609269715e+05
5.599999999999999645e+00 1.134828886036029289e+05
5.700000000000000178e+00 1.346848880431499856e+05
5.799999999999999822e+00 1.439926698977241176e+05
5.900000000000000355e+00 1.099812714047980844e+05
6.000000000000000000e+00 1.419386157905232394e+05
6.099999999999999645e+00 1.240468968969721318e+05
6.200000000000000178e+00 1.408146735675866657e+05
6.299999999999999822e+00 1.948183799659080396e+05
6.400000000000000355e+00 1.548507197801352013e+05
6.500000000000000000e+00 1.190887358248329401e+05
6.599999999999999645e+00 1.442380069713437697e+05
6.700000000000000178e+00 1.724156054781933199e+05
6.799999999999999822e+00 1.761869665596470877e+05
6.900000000000000355e+00 1.719817371069653891e+05
7.000000000000000000e+00 1.907307897067405866e+05
7.099999999999999645e+00 1.312407902723642183e+05
7.200000000000000178e+00 1.681641177209776652e+05
7.299999999999999822e+00 1.627507048051022284e+05
7.400000000000000355e+00 1.527958878573005786e+05
7.500000000000000000e+00 1.677793563678660430e+05
7.599999999999999645e+00 6.635745949095631659e+04
7.700000000000000178e+00 1.005160242980595649e+05
7.799999999999999822e+00 8.915774852574123361e+04
7.900000000000000355e+00 4.035996485048269096e+04
8.000000000000000000e+00 6.440789231040635059e+04
8.099999999999999645e+00 6.099860242212210869e+04
8.199999999999999289e+00 2.892223624514233234e+04
8.300000000000000711e+00 5.075054757199645246e+04
8.400000000000000355e+00 4.104962567433574441e+04
8.500000000000000000e+00 4.848628217983717332e+04
8.599999999999999645e+00 5.188364616538645350e+04
8.699999999999999289e+00 3.878160819352843100e+04
8.800000000000000711e+00 5.506174124167759874e+04
8.900000000000000355e+00 2.970119463717751569e+04
9.000000000000000000e+00 2.587843567191576949e+04
9.099999999999999645e+00 7.208678317112117657e+04
9.199999999999999289e+00 2.237791231616244113e+04
9.300000000000000711e+00 4.337788090137632935e+03
9.400000000000000355e+00 6.883273449782039097e+04
9.500000000000000000e+00 5.338850362209673222e+03
9.599999999999999645e+00 8.837104816265429690e+03
9.699999999999999289e+00 5.172917603487712768e+03
9.800000000000000711e+00 7.430567421490828565e+03
9.900000000000000355e+00 4.354814661390414585e+03
1.000000000000000000e+01 2.655753789085093103e+03
1.009999999999999964e+01 9.038389055953999559e+03
1.019999999999999929e+01 1.129998754790910789e+04
1.030000000000000071e+01 1.393957848945886553e+03
1.040000000000000036e+01 5.776479378249432557e+03
1.050000000000000000e+01 3.345913460073948613e+02
1.059999999999999964e+01 7.688597729346965082e+01
1.069999999999999929e+01 4.724529334076355553e+03
1.080000000000000071e+01 0.000000000000000000e+00
1.090000000000000036e+01 6.837091520351104568e-02
1.100000000000000000e+01 2.280902095321381620e-02
1.109999999999999964e+01 2.282772093646167483e-02
1.119999999999999929e+01 6.853930176186144585e-02
1.130000000000000071e+01 2.286515990569023410e-02
1.140000000000000036e+01 0.000000000000000000e+00
1.150000000000000000e+01 6.870795263568779676e-02
1.159999999999999964e+01 0.000000000000000000e+00
1.169999999999999929e+01 1.147008377602081047e-01
1.180000000000000071e+01 0.000000000000000000e+00
1.190000000000000036e+01 2.297778883523875215e-02
1.200000000000000000e+01 2.299660582668517153e-02
1.209999999999999964e+01 0.000000000000000000e+00
1.219999999999999929e+01 0.000000000000000000e+00
1.230000000000000071e+01 0.000000000000000000e+00
1.240000000000000036e+01 0.000000000000000000e+00
1.250000000000000000e+01 0.000000000000000000e+00
1.259999999999999964e+01 0.000000000000000000e+00
1.269999999999999929e+01 0.000000000000000000e+00
1.280000000000000071e+01 2.314381429635217757e-02
1.290000000000000036e+01 0.000000000000000000e+00
1.300000000000000000e+01 0.000000000000000000e+00
1.309999999999999964e+01 0.000000000000000000e+00
1.319999999999999929e+01 0.000000000000000000e+00
1.330000000000000071e+01 0.000000000000000000e+00
1.340000000000000036e+01 0.000000000000000000e+00
1.350000000000000000e+01 0.000000000000000000e+00
1.359999999999999964e+01 0.000000000000000000e+00
1.369999999999999929e+01 0.000000000000000000e+00
1.380000000000000071e+01 0.000000000000000000e+00
1.390000000000000036e+01 0.000000000000000000e+00
1.400000000000000000e+01 2.335206286317570434e-02
1.409999999999999964e+01 2.336876081428400712e-02
1.419999999999999929e+01 0.000000000000000000e+00
1.430000000000000071e+01 0.000000000000000000e+00
1.440000000000000036e+01 0.000000000000000000e+00
1.450000000000000000e+01 0.000000000000000000e+00
1.459999999999999964e+01 0.000000000000000000e+00
1.469999999999999929e+01 0.000000000000000000e+00
1.480000000000000071e+01 0.000000000000000000e+00
1.490000000000000036e+01 0.000000000000000000e+00
