# MCNP - ITER RGRS first wall gamma background rate - attenuation: 1.2m LiH + 4cm stainless steel 
#                E [MeV]             R [counts/s]
2.000000000000000111e-01 1.580275067356938380e+05
2.999999999999999889e-01 1.033511822669109824e+05
4.000000000000000222e-01 7.264912444191917893e+04
5.000000000000000000e-01 6.488376599387035094e+04
5.999999999999999778e-01 1.146782336158921680e+05
6.999999999999999556e-01 6.747890432284494455e+04
8.000000000000000444e-01 6.540495056809226662e+04
9.000000000000000222e-01 8.034858279014081927e+04
1.000000000000000000e+00 7.997837290062030661e+04
1.100000000000000089e+00 6.904806495180109050e+04
1.199999999999999956e+00 8.340625407975296548e+04
1.300000000000000044e+00 9.601744879185607715e+04
1.399999999999999911e+00 1.112651743904124014e+05
1.500000000000000000e+00 7.830990659691998735e+04
1.600000000000000089e+00 1.135439073547972948e+05
1.699999999999999956e+00 1.129509058639810828e+05
1.800000000000000044e+00 1.335472924184956064e+05
1.899999999999999911e+00 1.446167394862906949e+05
2.000000000000000000e+00 1.182764215826819564e+05
2.100000000000000089e+00 1.216800567409083742e+05
2.200000000000000178e+00 1.326081364419407910e+05
2.299999999999999822e+00 1.671500571206982131e+05
2.399999999999999911e+00 1.543141806786986126e+05
2.500000000000000000e+00 1.531160530112030683e+05
2.600000000000000089e+00 1.622026767953245144e+05
2.700000000000000178e+00 1.801851492063527694e+05
2.799999999999999822e+00 1.531279646550930920e+05
2.899999999999999911e+00 2.005663436733792187e+05
3.000000000000000000e+00 1.736068395044942445e+05
3.100000000000000089e+00 1.775229444320227776e+05
3.200000000000000178e+00 1.826359037207558576e+05
3.299999999999999822e+00 1.782934373843721114e+05
3.399999999999999911e+00 1.858634435616095725e+05
3.500000000000000000e+00 1.684294166044690646e+05
3.600000000000000089e+00 2.048453711799511511e+05
3.700000000000000178e+00 1.793399384611155256e+05
3.799999999999999822e+00 2.319948590949272329e+05
3.899999999999999911e+00 1.961641677202341671e+05
4.000000000000000000e+00 2.078884870720753388e+05
4.099999999999999645e+00 1.709032624860683281e+05
4.200000000000000178e+00 1.386765711861138116e+05
4.299999999999999822e+00 1.926604683626017068e+05
4.400000000000000355e+00 1.717907608139704971e+05
4.500000000000000000e+00 1.332584552246747771e+05
4.599999999999999645e+00 1.499807828823672899e+05
4.700000000000000178e+00 7.665941594774414261e+04
4.799999999999999822e+00 1.345146178881986707e+05
4.900000000000000355e+00 1.086445684621651890e+05
5.000000000000000000e+00 1.174004113729464880e+05
5.099999999999999645e+00 1.351984842239841237e+05
5.200000000000000178e+00 9.814191605221341888e+04
5.299999999999999822e+00 1.096375705267671437e+05
5.400000000000000355e+00 9.735342091598863772e+04
5.500000000000000000e+00 1.062674080963714077e+05
5.599999999999999645e+00 1.041863403374988411e+05
5.700000000000000178e+00 1.236514663721385296e+05
5.799999999999999822e+00 1.321967522740085551e+05
5.900000000000000355e+00 1.009715765462752606e+05
6.000000000000000000e+00 1.303109668228469818e+05
6.099999999999999645e+00 1.138849422758546716e+05
6.200000000000000178e+00 1.292790982442493114e+05
6.299999999999999822e+00 1.788588067230766756e+05
6.400000000000000355e+00 1.421653078366179252e+05
6.500000000000000000e+00 1.093329550708547467e+05
6.599999999999999645e+00 1.324219912696321844e+05
6.700000000000000178e+00 1.582912734499839426e+05
6.799999999999999822e+00 1.617536836336058041e+05
6.900000000000000355e+00 1.578929476905443298e+05
7.000000000000000000e+00 1.751060729396651732e+05
7.099999999999999645e+00 1.204895100021689723e+05
7.200000000000000178e+00 1.543880686949375959e+05
7.299999999999999822e+00 1.494181239977164660e+05
7.400000000000000355e+00 1.402788082886851043e+05
7.500000000000000000e+00 1.540348270936947083e+05
7.599999999999999645e+00 6.092143884886157321e+04
7.700000000000000178e+00 9.228172498736916168e+04
7.799999999999999822e+00 8.185392217213174445e+04
7.900000000000000355e+00 3.705366584921754111e+04
8.000000000000000000e+00 5.913158072766860278e+04
8.099999999999999645e+00 5.600158076925462228e+04
8.199999999999999289e+00 2.655291899806536094e+04
8.300000000000000711e+00 4.659304928445904807e+04
8.400000000000000355e+00 3.768682947587122908e+04
8.500000000000000000e+00 4.451427311243237637e+04
8.599999999999999645e+00 4.763332414121946931e+04
8.699999999999999289e+00 3.560460858729150641e+04
8.800000000000000711e+00 5.055106882782137836e+04
8.900000000000000355e+00 2.726806491248431848e+04
9.000000000000000000e+00 2.375846737329777898e+04
9.099999999999999645e+00 6.618141481696005212e+04
9.199999999999999289e+00 2.054470781721347521e+04
9.300000000000000711e+00 3.982435341857169078e+03
9.400000000000000355e+00 6.319393867211562610e+04
9.500000000000000000e+00 4.901490327683606665e+03
9.599999999999999645e+00 8.113166851097838844e+03
9.699999999999999289e+00 4.749150824467987150e+03
9.800000000000000711e+00 6.821853371924090425e+03
9.900000000000000355e+00 3.998067091887073275e+03
1.000000000000000000e+01 2.438193735874264348e+03
1.009999999999999964e+01 8.297961832603996299e+03
1.019999999999999929e+01 1.037428957759698096e+04
1.030000000000000071e+01 1.279764453068328066e+03
1.040000000000000036e+01 5.303268658916845197e+03
1.050000000000000000e+01 3.071815343974379289e+02
1.059999999999999964e+01 7.058745768676455157e+01
1.069999999999999929e+01 4.337494640746642290e+03
1.080000000000000071e+01 0.000000000000000000e+00
1.090000000000000036e+01 6.276995173661026328e-02
1.100000000000000000e+01 2.094049992063058696e-02
1.109999999999999964e+01 2.095766799630208524e-02
1.119999999999999929e+01 6.292454402353939158e-02
1.130000000000000071e+01 2.099203995526372629e-02
1.140000000000000036e+01 0.000000000000000000e+00
1.150000000000000000e+01 6.307937897315074594e-02
1.159999999999999964e+01 0.000000000000000000e+00
1.169999999999999929e+01 1.053045147768812972e-01
1.180000000000000071e+01 0.000000000000000000e+00
1.190000000000000036e+01 2.109544229309792338e-02
1.200000000000000000e+01 2.111271779162538983e-02
1.209999999999999964e+01 0.000000000000000000e+00
1.219999999999999929e+01 0.000000000000000000e+00
1.230000000000000071e+01 0.000000000000000000e+00
1.240000000000000036e+01 0.000000000000000000e+00
1.250000000000000000e+01 0.000000000000000000e+00
1.259999999999999964e+01 0.000000000000000000e+00
1.269999999999999929e+01 0.000000000000000000e+00
1.280000000000000071e+01 2.124786690450056539e-02
1.290000000000000036e+01 0.000000000000000000e+00
1.300000000000000000e+01 0.000000000000000000e+00
1.309999999999999964e+01 0.000000000000000000e+00
1.319999999999999929e+01 0.000000000000000000e+00
1.330000000000000071e+01 0.000000000000000000e+00
1.340000000000000036e+01 0.000000000000000000e+00
1.350000000000000000e+01 0.000000000000000000e+00
1.359999999999999964e+01 0.000000000000000000e+00
1.369999999999999929e+01 0.000000000000000000e+00
1.380000000000000071e+01 0.000000000000000000e+00
1.390000000000000036e+01 0.000000000000000000e+00
1.400000000000000000e+01 2.143905569361976779e-02
1.409999999999999964e+01 2.145438574415439378e-02
1.419999999999999929e+01 0.000000000000000000e+00
1.430000000000000071e+01 0.000000000000000000e+00
1.440000000000000036e+01 0.000000000000000000e+00
1.450000000000000000e+01 0.000000000000000000e+00
1.459999999999999964e+01 0.000000000000000000e+00
1.469999999999999929e+01 0.000000000000000000e+00
1.480000000000000071e+01 0.000000000000000000e+00
1.490000000000000036e+01 0.000000000000000000e+00
