# MCNP - ITER RGRS first wall gamma background rate - attenuation: 1.2m LiH + 4cm stainless steel 
#                E [MeV]             R [counts/s]
2.000000000000000111e-01 1.785588372411508753e+05
2.999999999999999889e-01 1.167788273970761220e+05
4.000000000000000222e-01 8.208788112207005906e+04
5.000000000000000000e-01 7.331362780449139245e+04
5.999999999999999778e-01 1.295775177012119821e+05
6.999999999999999556e-01 7.624593302194112039e+04
8.000000000000000444e-01 7.390252598736748041e+04
9.000000000000000222e-01 9.078767243336713000e+04
1.000000000000000000e+00 9.036936394534852298e+04
1.100000000000000089e+00 7.801896294020480127e+04
1.199999999999999956e+00 9.424260405518885818e+04
1.300000000000000044e+00 1.084922768528566667e+05
1.399999999999999911e+00 1.257210252504632372e+05
1.500000000000000000e+00 8.848412630970671307e+04
1.600000000000000089e+00 1.282958169238152768e+05
1.699999999999999956e+00 1.276257711901980947e+05
1.800000000000000044e+00 1.508980920064367820e+05
1.899999999999999911e+00 1.634057094342925411e+05
2.000000000000000000e+00 1.336431912842273014e+05
2.100000000000000089e+00 1.374890352692399174e+05
2.200000000000000178e+00 1.498369185270489252e+05
2.299999999999999822e+00 1.888666122802432801e+05
2.399999999999999911e+00 1.743630665381219296e+05
2.500000000000000000e+00 1.730092751153902209e+05
2.600000000000000089e+00 1.832764558793960023e+05
2.700000000000000178e+00 2.035952562627031002e+05
2.799999999999999822e+00 1.730227343499663111e+05
2.899999999999999911e+00 2.266244266950682213e+05
3.000000000000000000e+00 1.961622760452741059e+05
3.100000000000000089e+00 2.005871711589036568e+05
3.200000000000000178e+00 2.063644189578231599e+05
3.299999999999999822e+00 2.014577684904435591e+05
3.399999999999999911e+00 2.100112888796287007e+05
3.500000000000000000e+00 1.903121893608058162e+05
3.600000000000000089e+00 2.314593962005625945e+05
3.700000000000000178e+00 2.026402336149959010e+05
3.799999999999999822e+00 2.621362137618171400e+05
3.899999999999999911e+00 2.216503089875780570e+05
4.000000000000000000e+00 2.348978813511039771e+05
4.099999999999999645e+00 1.931074435115340166e+05
4.200000000000000178e+00 1.566937795519187639e+05
4.299999999999999822e+00 2.176914002110965957e+05
4.400000000000000355e+00 1.941102478508363129e+05
4.500000000000000000e+00 1.505717283590819861e+05
4.599999999999999645e+00 1.694666628182907880e+05
4.700000000000000178e+00 8.661919977076472424e+04
4.799999999999999822e+00 1.519910948302604666e+05
4.900000000000000355e+00 1.227599436192905123e+05
5.000000000000000000e+00 1.326533676282522792e+05
5.099999999999999645e+00 1.527638107976802858e+05
5.200000000000000178e+00 1.108927602345299820e+05
5.299999999999999822e+00 1.238819590057000605e+05
5.400000000000000355e+00 1.100018218301793822e+05
5.500000000000000000e+00 1.200739366093728313e+05
5.599999999999999645e+00 1.177224913013997284e+05
5.700000000000000178e+00 1.397165753902595898e+05
5.799999999999999822e+00 1.493720862949726870e+05
5.900000000000000355e+00 1.140900573256747884e+05
6.000000000000000000e+00 1.472412948625110148e+05
6.099999999999999645e+00 1.286811599582053605e+05
6.200000000000000178e+00 1.460753633270079154e+05
6.299999999999999822e+00 2.020965920333583781e+05
6.400000000000000355e+00 1.606357816287881869e+05
6.500000000000000000e+00 1.235377671448212204e+05
6.599999999999999645e+00 1.496265889065160300e+05
6.700000000000000178e+00 1.788568731893186341e+05
6.799999999999999822e+00 1.827691283986188064e+05
6.900000000000000355e+00 1.784067959469579509e+05
7.000000000000000000e+00 1.978562936531385349e+05
7.099999999999999645e+00 1.361438097085652116e+05
7.200000000000000178e+00 1.744465542709743313e+05
7.299999999999999822e+00 1.688309018784267828e+05
7.400000000000000355e+00 1.585041833223095746e+05
7.500000000000000000e+00 1.740474186338562868e+05
7.599999999999999645e+00 6.883650516681575391e+04
7.700000000000000178e+00 1.042711984307378443e+05
7.799999999999999822e+00 9.248858928799531714e+04
7.900000000000000355e+00 4.186777116356290207e+04
8.000000000000000000e+00 6.681410418391990243e+04
8.099999999999999645e+00 6.327744677101765410e+04
8.199999999999999289e+00 3.000274091258634144e+04
8.300000000000000711e+00 5.264653524950847350e+04
8.400000000000000355e+00 4.258319699855860381e+04
8.500000000000000000e+00 5.029767925709881092e+04
8.599999999999999645e+00 5.382196522794266639e+04
8.699999999999999289e+00 4.023044874337112560e+04
8.800000000000000711e+00 5.711879063111475261e+04
8.900000000000000355e+00 3.081080038004338348e+04
9.000000000000000000e+00 2.684522711544914637e+04
9.099999999999999645e+00 7.477987042126432061e+04
9.199999999999999289e+00 2.321392784761455914e+04
9.300000000000000711e+00 4.499843341953231175e+03
9.400000000000000355e+00 7.140425387368888187e+04
9.500000000000000000e+00 5.538304259420736344e+03
9.599999999999999645e+00 9.167249861749955016e+03
9.699999999999999289e+00 5.366172425400403881e+03
9.800000000000000711e+00 7.708165692683524867e+03
9.900000000000000355e+00 4.517506008200647557e+03
1.000000000000000000e+01 2.754969988702801402e+03
1.009999999999999964e+01 9.376053871300820902e+03
1.019999999999999929e+01 1.172214333088822241e+04
1.030000000000000071e+01 1.446034664488087628e+03
1.040000000000000036e+01 5.992282640372392052e+03
1.050000000000000000e+01 3.470913307244509269e+02
1.059999999999999964e+01 7.975835744493672053e+01
1.069999999999999929e+01 4.901032836560643773e+03
1.080000000000000071e+01 0.000000000000000000e+00
1.090000000000000036e+01 7.092518149082899237e-02
1.100000000000000000e+01 2.366114225499991661e-02
1.109999999999999964e+01 2.368054085017422261e-02
1.119999999999999929e+01 7.109985879587996105e-02
1.130000000000000071e+01 2.371937850035721676e-02
1.140000000000000036e+01 0.000000000000000000e+00
1.150000000000000000e+01 7.127481029095819598e-02
1.159999999999999964e+01 0.000000000000000000e+00
1.169999999999999929e+01 1.189859417718475421e-01
1.180000000000000071e+01 0.000000000000000000e+00
1.190000000000000036e+01 2.383621512958133612e-02
1.200000000000000000e+01 2.385573510425881630e-02
1.209999999999999964e+01 0.000000000000000000e+00
1.219999999999999929e+01 0.000000000000000000e+00
1.230000000000000071e+01 0.000000000000000000e+00
1.240000000000000036e+01 0.000000000000000000e+00
1.250000000000000000e+01 0.000000000000000000e+00
1.259999999999999964e+01 0.000000000000000000e+00
1.269999999999999929e+01 0.000000000000000000e+00
1.280000000000000071e+01 2.400844312925807036e-02
1.290000000000000036e+01 0.000000000000000000e+00
1.300000000000000000e+01 0.000000000000000000e+00
1.309999999999999964e+01 0.000000000000000000e+00
1.319999999999999929e+01 0.000000000000000000e+00
1.330000000000000071e+01 0.000000000000000000e+00
1.340000000000000036e+01 0.000000000000000000e+00
1.350000000000000000e+01 0.000000000000000000e+00
1.359999999999999964e+01 0.000000000000000000e+00
1.369999999999999929e+01 0.000000000000000000e+00
1.380000000000000071e+01 0.000000000000000000e+00
1.390000000000000036e+01 0.000000000000000000e+00
1.400000000000000000e+01 2.422447164596286395e-02
1.409999999999999964e+01 2.424179341515896383e-02
1.419999999999999929e+01 0.000000000000000000e+00
1.430000000000000071e+01 0.000000000000000000e+00
1.440000000000000036e+01 0.000000000000000000e+00
1.450000000000000000e+01 0.000000000000000000e+00
1.459999999999999964e+01 0.000000000000000000e+00
1.469999999999999929e+01 0.000000000000000000e+00
1.480000000000000071e+01 0.000000000000000000e+00
1.490000000000000036e+01 0.000000000000000000e+00
