# Energy [MeV] 	-	 Rate [MeV^-1 s^-1]
1.000000000000000056e-01 9.148592648512021645e-06
1.000624999999999987e-01 8.539307241082023318e-06
1.002500000000000058e-01 9.584604400778178032e-06
1.005624999999999991e-01 1.158937450331327249e-05
1.010000000000000064e-01 1.503997521075531248e-05
1.015625000000000000e-01 2.083933901947553264e-05
1.022500000000000075e-01 3.062912783578861374e-05
1.030625000000000013e-01 4.738310412615088824e-05
1.040000000000000091e-01 7.646967349402919857e-05
1.050625000000000031e-01 1.274820052964553013e-04
1.062500000000000111e-01 2.172060301621923581e-04
1.075625000000000053e-01 3.739932604873438078e-04
1.089999999999999997e-01 6.432206315368257758e-04
1.105625000000000080e-01 1.092016513436040769e-03
1.122500000000000026e-01 1.808785442485514195e-03
1.140625000000000111e-01 2.890142006973418862e-03
1.160000000000000059e-01 4.407725804841638138e-03
1.180625000000000147e-01 6.354898040877682633e-03
1.202499999999999958e-01 8.590846560098239562e-03
1.225625000000000048e-01 1.081916250281069435e-02
1.250000000000000000e-01 1.263902429594686641e-02
1.275624999999999953e-01 1.367241405306974036e-02
1.302500000000000047e-01 1.371349869863788123e-02
1.330625000000000002e-01 1.281430275085435055e-02
1.360000000000000098e-01 1.125336589548356185e-02
1.390625000000000056e-01 9.411413053583124466e-03
1.422500000000000153e-01 7.633707676718214444e-03
1.455625000000000113e-01 6.149913839565318216e-03
1.490000000000000213e-01 5.070758199178063662e-03
1.525624999999999898e-01 4.427579708227003148e-03
1.562500000000000000e-01 4.152094016874090070e-03
1.600624999999999964e-01 4.181514622061391004e-03
1.640000000000000069e-01 4.514965346699225009e-03
1.680625000000000036e-01 5.210222456574833960e-03
1.722500000000000142e-01 6.395087451341283612e-03
1.765625000000000111e-01 7.670361742136960932e-03
1.809999999999999942e-01 1.042454250983073337e-02
1.855625000000000191e-01 1.468269486627575386e-02
1.902500000000000024e-01 2.115506085806801231e-02
1.950625000000000275e-01 3.070246148169504877e-02
2.000000000000000111e-01 4.407966880528636777e-02
2.050625000000000364e-01 6.154322121300283277e-02
2.102499999999999925e-01 8.322798395267834437e-02
2.155624999999999902e-01 1.089972396871190380e-01
2.210000000000000020e-01 1.382515770357610474e-01
2.265625000000000278e-01 1.699169793738298795e-01
2.322500000000000120e-01 2.025265196287510394e-01
2.380625000000000380e-01 2.343933916896293879e-01
2.439999999999999947e-01 2.638467340362476987e-01
2.500624999999999654e-01 2.720406472955534949e-01
2.562499999999999778e-01 2.918527249256092637e-01
2.625625000000000320e-01 3.069279557006779902e-01
2.690000000000000169e-01 3.175636524403955274e-01
2.755625000000000435e-01 3.246155984926950566e-01
2.822500000000000009e-01 3.294056772020403923e-01
2.890625000000000000e-01 3.336289503806669221e-01
2.960000000000000409e-01 3.393104370563237993e-01
3.030625000000000124e-01 3.488255962820914213e-01
3.102500000000000258e-01 3.637997450305083813e-01
3.175624999999999698e-01 3.846699451100399902e-01
3.249999999999999556e-01 4.119513949831019040e-01
3.325624999999999831e-01 4.241345445668550096e-01
3.402500000000000524e-01 4.645249480927316488e-01
3.480625000000000524e-01 5.131894114742872048e-01
3.559999999999999831e-01 5.709074349557700101e-01
3.640625000000000666e-01 6.383317590142723041e-01
3.722500000000000808e-01 7.158255749984711036e-01
3.805625000000000258e-01 8.032407060673597554e-01
3.890000000000000124e-01 8.996357071665475047e-01
3.975625000000000409e-01 1.002962274873430593e+00
4.062500000000001110e-01 1.062615488936600405e+00
4.150625000000000009e-01 1.167404453228031214e+00
4.239999999999999325e-01 1.272887990227944632e+00
4.330624999999999059e-01 1.378333199902742834e+00
4.422500000000000320e-01 1.483268265347957637e+00
4.515624999999999778e-01 1.587555604975838364e+00
4.609999999999999654e-01 1.691459310363124136e+00
4.705624999999999947e-01 1.795736165097453041e+00
4.802500000000000657e-01 1.830566162615256731e+00
4.900625000000000675e-01 1.937473145512501604e+00
5.000000000000001110e-01 2.050399553086424298e+00
5.100625000000000853e-01 2.172009218462467306e+00
5.202500000000001013e-01 2.303152897631986828e+00
5.305625000000000480e-01 2.444088346402281342e+00
5.409999999999999254e-01 2.594964843296759138e+00
5.515624999999999556e-01 2.663595263817478909e+00
5.622499999999999165e-01 2.831043208778309950e+00
5.730625000000000302e-01 3.007959888350025146e+00
5.839999999999999636e-01 3.193745479773431484e+00
5.950625000000000497e-01 3.387489150382545500e+00
6.062500000000000666e-01 3.587958702528184496e+00
6.175625000000000142e-01 3.794313282768192241e+00
6.290000000000000036e-01 3.886400612876689920e+00
6.405625000000000346e-01 4.100945784116748705e+00
6.522500000000001075e-01 4.320814420453116256e+00
6.640625000000000000e-01 4.545727952135496075e+00
6.759999999999999343e-01 4.775414578236559571e+00
6.880624999999999103e-01 5.009618032782742425e+00
7.002499999999999281e-01 5.103995403257376218e+00
7.125624999999999876e-01 5.345091176248974563e+00
7.249999999999999778e-01 5.590713236724999646e+00
7.375625000000000098e-01 5.840833588893840300e+00
7.502499999999999725e-01 6.095497389918433484e+00
7.630624999999999769e-01 6.354835682116753759e+00
7.760000000000000231e-01 6.452793636309812619e+00
7.890625000000000000e-01 6.722232923709056784e+00
8.022500000000000187e-01 6.998110571943254143e+00
8.155624999999999680e-01 7.280835415326343707e+00
8.290000000000000702e-01 7.570209037541850705e+00
8.425625000000001030e-01 7.865889038164350922e+00
8.562500000000000666e-01 7.981100070608319719e+00
8.700625000000000719e-01 8.289774909481590015e+00
8.840000000000001190e-01 8.604356362483860821e+00
8.980625000000002078e-01 8.924376572152166176e+00
9.122500000000001164e-01 9.249308328318582184e+00
9.265625000000000666e-01 9.372507982494349577e+00
9.409999999999999476e-01 9.708447791097492896e+00
9.555624999999998703e-01 1.004852277969306051e+01
9.702499999999999458e-01 1.039207803636653260e+01
9.850624999999999520e-01 1.073839804995666292e+01
9.999999999999998890e-01 1.108694042831096382e+01
1.015062499999999979e+00 1.121725805540333631e+01
1.030250000000000110e+00 1.157436511819035729e+01
1.045562499999999950e+00 1.193389680764987126e+01
1.061000000000000165e+00 1.229518907585358711e+01
1.076562500000000089e+00 1.241889328316687191e+01
1.092250000000000165e+00 1.278853644533429268e+01
1.108062500000000172e+00 1.315923454608402565e+01
1.124000000000000110e+00 1.353027602514950800e+01
1.140062500000000201e+00 1.390091001166740092e+01
1.156250000000000222e+00 1.402124527384840746e+01
1.172562500000000174e+00 1.439838454637735232e+01
1.189000000000000279e+00 1.477450076496624298e+01
1.205562500000000092e+00 1.514886149923646919e+01
1.222250000000000281e+00 1.552105822715481054e+01
1.239062500000000178e+00 1.563522649699287470e+01
1.256000000000000227e+00 1.601251921240909937e+01
1.273062500000000208e+00 1.638691481132294214e+01
1.290250000000000341e+00 1.675755806064844933e+01
1.307562500000000405e+00 1.685711769244657532e+01
1.325000000000000400e+00 1.723181079296987050e+01
1.342562499999999881e+00 1.760216508948703407e+01
1.360250000000000181e+00 1.796735104389809123e+01
1.378062499999999968e+00 1.805027229316913662e+01
1.395999999999999908e+00 1.841836913786398000e+01
1.414062500000000000e+00 1.878095928613073795e+01
1.432249999999999801e+00 1.913728352916890074e+01
1.450562499999999977e+00 1.920344197127182895e+01
1.469000000000000083e+00 1.956241332176051628e+01
1.487562500000000121e+00 1.991514073339550706e+01
1.506250000000000089e+00 2.026096837380915616e+01
1.525062500000000210e+00 2.031219248000161670e+01
1.544000000000000039e+00 2.066080967058402607e+01
1.563062500000000021e+00 2.100194940108187325e+01
1.582250000000000156e+00 2.133456273649897028e+01
1.601562500000000222e+00 2.137026691251541166e+01
1.621000000000000218e+00 2.170380891554630409e+01
1.640562500000000146e+00 2.202802844565041696e+01
1.660250000000000448e+00 2.234185716080260065e+01
1.680062500000000236e+00 2.236022108954681187e+01
1.700000000000000400e+00 2.267338746932730942e+01
1.720062500000000272e+00 2.297547055281103567e+01
1.740250000000000519e+00 2.326540110103011116e+01
1.760562500000000252e+00 2.326549307544936340e+01
1.781000000000000361e+00 2.355360469693272307e+01
1.801562500000000400e+00 2.382903384072341879e+01
1.822250000000000369e+00 2.409134521158270559e+01
1.843062500000000048e+00 2.407273150336610001e+01
1.863999999999999879e+00 2.433201898533769736e+01
1.885062499999999863e+00 2.457725611742105798e+01
1.906250000000000000e+00 2.453077574324423082e+01
1.927562499999999845e+00 2.477282984329012550e+01
1.948999999999999844e+00 2.500068530661912547e+01
1.970562500000000217e+00 2.521406882058356658e+01
1.992250000000000076e+00 2.515161656539807211e+01
2.014062500000000089e+00 2.536183477385820950e+01
2.036000000000000032e+00 2.555776211105682094e+01
2.058062500000000128e+00 2.547361450245108472e+01
2.080249999999999932e+00 2.567100999581163734e+01
2.102562499999999890e+00 2.585552339358891061e+01
2.125000000000000444e+00 2.575450871344991910e+01
2.147562500000000263e+00 2.593992547120767611e+01
2.170250000000000234e+00 2.611200446971621503e+01
2.193062500000000359e+00 2.626966437714801827e+01
2.216000000000000192e+00 2.616638295569248029e+01
2.239062500000000178e+00 2.632458623170755985e+01
2.262250000000000316e+00 2.646797013554382971e+01
2.285562500000000608e+00 2.634804774725038357e+01
2.309000000000000608e+00 2.649112497769498376e+01
2.332562500000000316e+00 2.661902329354879981e+01
2.356250000000000178e+00 2.648311847983701739e+01
2.380062500000000192e+00 2.661003071332669023e+01
2.403999999999999915e+00 2.672145491958053753e+01
2.428062499999999790e+00 2.657038618140153474e+01
2.452249999999999819e+00 2.668032329995283192e+01
2.476562500000000000e+00 2.677452176684460738e+01
2.500999999999999890e+00 2.660928184470223812e+01
2.525562499999999932e+00 2.670167633501382909e+01
2.550250000000000128e+00 2.677814623945930705e+01
2.575062500000000032e+00 2.659991103853094785e+01
2.600000000000000089e+00 2.667444744364192388e+01
2.625062500000000743e+00 2.673294218080483375e+01
2.650250000000000217e+00 2.654307451372575954e+01
2.675562500000000288e+00 2.659969411547025686e+01
2.701000000000000068e+00 2.664022580874398116e+01
2.726562500000000000e+00 2.644027427214387060e+01
2.752250000000000085e+00 2.647917475586430314e+01
2.778062499999999879e+00 2.650201167529522905e+01
2.804000000000000270e+00 2.629370514100824252e+01
2.830062499999999481e+00 2.631533520769094991e+01
2.856250000000000178e+00 2.632099412361805690e+01
2.882562500000000139e+00 2.610623250170606369e+01
2.909000000000000252e+00 2.611128160864832637e+01
2.935562499999999631e+00 2.610051532160900578e+01
2.962250000000000050e+00 2.588135742766080227e+01
2.989062499999999734e+00 2.587074104620063508e+01
3.016000000000000458e+00 2.584451579017384759e+01
3.043062500000000004e+00 2.562306002368945457e+01
3.070250000000000590e+00 2.559753042877749252e+01
3.097562499999999996e+00 2.555695704786256783e+01
3.125000000000000444e+00 2.533361526783645346e+01
3.152562500000000156e+00 2.529303276260506195e+01
3.180250000000000465e+00 2.505413280214963834e+01
3.208062500000000039e+00 2.501362002927816164e+01
3.236000000000000654e+00 2.495788257747935646e+01
3.264062500000000089e+00 2.471938535688727967e+01
3.292250000000001009e+00 2.466390354842861754e+01
3.320562499999999861e+00 2.459373114557573103e+01
3.349000000000000643e+00 2.435594965873106332e+01
3.377562500000000245e+00 2.428559118860658828e+01
3.406250000000000444e+00 2.403538764358970070e+01
3.435062500000000352e+00 2.396513373484591014e+01
3.463999999999999968e+00 2.388008730315603145e+01
3.493062500000000181e+00 2.363304848700925831e+01
3.522249999999999659e+00 2.354851219608721280e+01
3.551562500000000622e+00 2.329068011870056054e+01
3.580999999999999961e+00 2.320637160675833144e+01
3.610562500000000341e+00 2.310790131994796326e+01
3.640249999999999986e+00 2.285504221673501135e+01
3.670062500000000227e+00 2.275731719146872578e+01
3.699999999999999734e+00 2.264600027880550570e+01
3.730062500000000281e+00 2.239870270804982155e+01
3.760250000000000092e+00 2.228803911858190645e+01
3.790562500000000501e+00 2.203340399750686984e+01
3.821000000000000174e+00 2.192392772260531331e+01
3.851562500000000888e+00 2.166271704990332125e+01
3.882249999999999979e+00 2.155435632134536306e+01
3.913062500000000998e+00 2.143312129022812940e+01
3.944000000000000394e+00 2.118063175043247526e+01
3.975062500000000387e+00 2.106118642090802950e+01
4.006249999999999645e+00 2.080401073541663948e+01
4.037562500000000831e+00 2.068633122123127066e+01
4.068999999999999950e+00 2.055630675637689819e+01
4.100562500000000554e+00 2.030943399691773266e+01
4.132249999999999979e+00 2.018147430775283269e+01
4.164062500000000000e+00 1.993106160285557849e+01
4.195999999999999730e+00 1.980489840636904120e+01
4.228062499999999169e+00 1.955174487876106681e+01
4.260250000000000092e+00 1.942715433940226788e+01
4.292562499999998948e+00 1.929090695784283938e+01
4.325000000000000178e+00 1.904878759657469089e+01
4.357562499999999339e+00 1.891439829978532217e+01
4.390249999999999986e+00 1.867031750543976898e+01
4.423062499999999453e+00 1.853761193918083805e+01
4.456000000000000405e+00 1.829224012524803911e+01
4.489062499999999289e+00 1.816107799818341562e+01
4.522249999999999659e+00 1.801941946326159183e+01
4.555562499999999737e+00 1.778530181552430278e+01
4.589000000000000412e+00 1.764496610837116108e+01
4.622562499999999019e+00 1.741076609665397967e+01
4.656250000000000000e+00 1.727219501441920357e+01
4.690062499999999801e+00 1.703793259158948459e+01
4.724000000000000199e+00 1.690104611309730842e+01
4.758062499999999417e+00 1.666724338574746156e+01
4.792250000000000121e+00 1.653198403513150083e+01
4.826562499999999645e+00 1.629912187656140787e+01
4.861000000000000654e+00 1.616545194186292278e+01
4.895562499999999595e+00 1.602255531229060281e+01
4.930250000000000909e+00 1.580187249902911972e+01
4.965062500000000156e+00 1.566042087552393980e+01
5.000000000000000888e+00 1.544164862067124488e+01
5.035062500000000441e+00 1.530210522248905569e+01
5.070249999999998813e+00 1.508513166533120753e+01
5.105562499999999559e+00 1.494741851728005599e+01
5.141000000000000014e+00 1.473252810837343674e+01
5.176562500000000178e+00 1.459655450079675454e+01
5.212249999999999162e+00 1.438400291213479676e+01
5.248062499999999631e+00 1.424969270308451463e+01
5.283999999999998920e+00 1.403971318077437935e+01
5.320062499999999694e+00 1.390700319613316083e+01
5.356249999999999289e+00 1.369980849944914247e+01
5.392562500000000369e+00 1.356864706473120741e+01
5.428999999999998494e+00 1.336443117226073696e+01
5.465562500000000767e+00 1.323477676076209164e+01
5.502249999999999197e+00 1.303371636781392695e+01
5.539062500000000000e+00 1.290553635424204515e+01
5.575999999999999623e+00 1.270779220071196569e+01
5.613062500000000732e+00 1.258106170884695985e+01
5.650249999999999773e+00 1.238677975542579190e+01
5.687562500000000298e+00 1.226148059132849077e+01
5.724999999999999645e+00 1.212911393678128746e+01
5.762562500000001364e+00 1.194691273092546524e+01
5.800250000000000128e+00 1.175993907684980400e+01
5.838062500000000377e+00 1.163746984252585115e+01
5.875999999999999446e+00 1.145431755492107939e+01
5.914062500000000888e+00 1.133325562100923278e+01
5.952249999999999375e+00 1.115402102279659324e+01
5.990562500000000234e+00 1.103436571737739236e+01
6.028999999999999915e+00 1.085913370437071812e+01
6.067562499999999304e+00 1.074087571762745874e+01
6.106250000000000178e+00 1.056969034197545909e+01
6.145062499999998984e+00 1.045278556343379783e+01
6.184000000000000163e+00 1.028566404981845217e+01
6.223062499999999275e+00 1.017006850593237210e+01
6.262249999999999872e+00 1.000702323574619790e+01
6.301562499999999289e+00 9.892696864140884117e+00
6.341000000000001080e+00 9.733735847063893942e+00
6.380562499999999915e+00 9.620641940450875396e+00
6.420250000000000234e+00 9.465769208817603086e+00
6.460062499999999375e+00 9.353873887027498668e+00
6.500000000000000888e+00 9.203089857958310915e+00
6.540062499999999446e+00 9.092361564111207883e+00
6.580250000000000377e+00 8.945663372841057281e+00
6.620562500000000128e+00 8.836350577659613847e+00
6.661000000000001364e+00 8.693454200750519334e+00
6.701562499999999645e+00 8.548529115617570895e+00
6.742250000000000298e+00 8.446425484151584229e+00
6.783062499999999773e+00 8.305640483879717095e+00
6.824000000000000732e+00 8.204538887978934270e+00
6.865062499999999623e+00 8.067873597509057859e+00
6.906250000000000888e+00 7.967754427373680670e+00
6.947562500000000085e+00 7.835186759894174457e+00
6.989000000000000767e+00 7.736030297856382631e+00
7.030562500000000270e+00 7.607536351011200182e+00
7.072249999999999481e+00 7.509556285176298474e+00
7.114062499999999289e+00 7.384862483661803090e+00
7.155999999999998806e+00 7.258917502856011339e+00
7.198062500000000696e+00 7.167084443310000275e+00
7.240249999999998742e+00 7.045139801045535499e+00
7.282562500000000050e+00 6.954120803672823925e+00
7.324999999999999289e+00 6.836128207019800840e+00
7.367562500000000902e+00 6.745890814751371423e+00
7.410249999999998671e+00 6.631802898772760635e+00
7.453062499999999702e+00 6.516690281270270724e+00
7.495999999999998664e+00 6.432084624750077140e+00
7.539062500000000888e+00 6.320812894698708995e+00
7.582250000000000156e+00 6.236894474106815522e+00
7.625562500000000021e+00 6.129414004955213713e+00
7.668999999999999595e+00 6.046153648320488294e+00
7.712562500000000654e+00 5.942416135600460336e+00
7.756249999999999645e+00 5.837970971637566286e+00
7.800062500000001009e+00 5.759741817743023518e+00
7.843999999999999417e+00 5.658958782445895785e+00
7.888062500000001087e+00 5.581313368984005763e+00
7.932249999999999801e+00 5.484143437147228184e+00
7.976562500000001776e+00 5.386517781430273821e+00
8.021000000000000796e+00 5.313448411991936737e+00
8.065562500000000412e+00 5.219344200498079012e+00
8.110249999999998849e+00 5.146789689490833375e+00
8.155062499999999659e+00 5.056148646978245509e+00
8.200000000000001066e+00 4.965229881610044416e+00
8.245062499999999517e+00 4.896834482686454493e+00
8.290250000000000341e+00 4.809267887923370566e+00
8.335562499999999986e+00 4.741306208754875406e+00
8.381000000000000227e+00 4.657035375238566033e+00
8.426562499999999289e+00 4.572612715221957558e+00
8.472250000000000725e+00 4.508440707467446629e+00
8.518062499999999204e+00 4.427202842286336981e+00
8.564000000000000057e+00 4.363392993318291779e+00
8.610062499999999730e+00 4.285287326647490680e+00
8.656250000000000000e+00 4.207118484458629126e+00
8.702562499999999091e+00 4.146778709559079346e+00
8.749000000000000554e+00 4.071632471360934424e+00
8.795562500000000838e+00 4.011718219839768729e+00
8.842250000000001720e+00 3.939417573725641830e+00
8.889062499999999645e+00 3.867241371951111617e+00
8.936000000000001720e+00 3.810389636101317201e+00
8.983062499999999062e+00 3.741080155301377719e+00
9.030250000000000554e+00 3.671863574196766233e+00
9.077562500000000867e+00 3.617977178526971649e+00
9.125000000000000000e+00 3.551521991119748645e+00
9.172562499999999730e+00 3.497963516768302306e+00
9.220250000000000057e+00 3.434114586492360566e+00
9.268062500000000981e+00 3.370489074366382454e+00
9.315999999999998948e+00 3.319562711383175824e+00
9.364062500000001066e+00 3.258554022027724706e+00
9.412249999999998451e+00 3.197720044199880540e+00
9.460562499999999986e+00 3.149356355219939729e+00
9.508999999999998565e+00 3.091039851945398098e+00
9.557562500000001293e+00 3.032948378362636532e+00
9.606249999999999289e+00 2.986982179760866440e+00
9.655062500000001435e+00 2.931311358684522972e+00
9.703999999999998849e+00 2.875904701987647361e+00
9.753062500000000412e+00 2.832185157938429398e+00
9.802249999999999019e+00 2.779104984000499989e+00
9.851562500000000000e+00 2.726318643750798465e+00
9.900999999999999801e+00 2.684707427142155378e+00
9.950562500000000199e+00 2.634156155635452912e+00
1.000024999999999942e+01 2.583920380233909686e+00
1.005006250000000101e+01 2.544289657511706881e+00
1.009999999999999964e+01 2.496197369699711288e+00
