# Energy [MeV] 	-	 Rate [MeV^-1 s^-1]
1.000000000000000056e-01 1.280616055810891347e-07
1.000624999999999987e-01 1.235900012782616925e-07
1.002500000000000058e-01 1.387137902223993130e-07
1.005624999999999991e-01 1.677181834177735858e-07
1.010000000000000064e-01 2.176366951580491852e-07
1.015625000000000000e-01 3.015255995634236558e-07
1.022500000000000075e-01 4.431194872152684525e-07
1.030625000000000013e-01 6.854042682651987700e-07
1.040000000000000091e-01 1.105964433528785436e-06
1.050625000000000031e-01 1.843408087908056387e-06
1.062500000000000111e-01 3.140203183825726919e-06
1.075625000000000053e-01 5.405751680898426706e-06
1.089999999999999997e-01 9.295066882490267001e-06
1.105625000000000080e-01 1.577670963931151584e-05
1.122500000000000026e-01 2.612546665571264932e-05
1.140625000000000111e-01 4.173320525334156685e-05
1.160000000000000059e-01 6.362959417413115799e-05
1.180625000000000147e-01 9.171330655200319074e-05
1.202499999999999958e-01 1.239472086645366968e-04
1.225625000000000048e-01 1.560522293895680529e-04
1.250000000000000000e-01 1.822487731692335865e-04
1.275624999999999953e-01 1.970928335056381828e-04
1.302500000000000047e-01 1.976282073982557272e-04
1.330625000000000002e-01 1.846170228678971489e-04
1.360000000000000098e-01 1.620828094173348854e-04
1.390625000000000056e-01 1.355156054954648626e-04
1.422500000000000153e-01 1.098886133129862964e-04
1.455625000000000113e-01 8.850587938591896299e-05
1.490000000000000213e-01 7.295677220314261333e-05
1.525624999999999898e-01 6.368730223038983243e-05
1.562500000000000000e-01 5.971066941019787590e-05
1.600624999999999964e-01 6.012036361631572785e-05
1.640000000000000069e-01 6.490092517428683652e-05
1.680625000000000036e-01 7.488016831155185809e-05
1.722500000000000142e-01 9.189093814992006998e-05
1.765625000000000111e-01 1.127527440759050373e-04
1.809999999999999942e-01 1.532030083781515018e-04
1.855625000000000191e-01 2.157355351616218524e-04
1.902500000000000024e-01 3.107725544831672383e-04
1.950625000000000275e-01 4.509424196576330458e-04
2.000000000000000111e-01 6.473109838919051309e-04
2.050625000000000364e-01 9.036266836791105421e-04
2.102499999999999925e-01 1.221855737325756863e-03
2.155624999999999902e-01 1.599983465566398935e-03
2.210000000000000020e-01 2.029211676305440418e-03
2.265625000000000278e-01 2.493786326448308929e-03
2.322500000000000120e-01 2.972197060623461319e-03
2.380625000000000380e-01 3.439714799408600046e-03
2.439999999999999947e-01 3.871848713457414024e-03
2.500624999999999654e-01 4.061252431876953041e-03
2.562499999999999778e-01 4.356650454838606988e-03
2.625625000000000320e-01 4.581381784023725971e-03
2.690000000000000169e-01 4.739911725717976462e-03
2.755625000000000435e-01 4.845032425230925976e-03
2.822500000000000009e-01 4.916484639719269356e-03
2.890625000000000000e-01 4.979573664280822348e-03
2.960000000000000409e-01 5.064528920009857792e-03
3.030625000000000124e-01 5.206815952202514808e-03
3.102500000000000258e-01 5.430715126755913946e-03
3.175624999999999698e-01 5.742783122486931624e-03
3.249999999999999556e-01 6.150676345727881106e-03
3.325624999999999831e-01 6.418641997650745973e-03
3.402500000000000524e-01 7.030160619306537184e-03
3.480625000000000524e-01 7.767105040024591123e-03
3.559999999999999831e-01 8.641340863585294380e-03
3.640625000000000666e-01 9.662835234648843585e-03
3.722500000000000808e-01 1.083719394920498735e-02
3.805625000000000258e-01 1.216230225378825934e-02
3.890000000000000124e-01 1.362405134176896716e-02
3.975625000000000409e-01 1.519136162040767880e-02
4.062500000000001110e-01 1.627325020734557079e-02
4.150625000000000009e-01 1.787983890661359182e-02
4.239999999999999325e-01 1.949778353232420325e-02
4.330624999999999059e-01 2.111596338977770812e-02
4.422500000000000320e-01 2.272725515887087308e-02
4.515624999999999778e-01 2.432965581357317622e-02
4.609999999999999654e-01 2.592732059410287129e-02
4.705624999999999947e-01 2.753154302864210812e-02
4.802500000000000657e-01 2.832528857959589266e-02
4.900625000000000675e-01 2.998382513485645107e-02
5.000000000000001110e-01 3.173665516129924036e-02
5.100625000000000853e-01 3.362518643253658429e-02
5.202500000000001013e-01 3.566280375918919748e-02
5.305625000000000480e-01 3.785374374785659829e-02
5.409999999999999254e-01 4.020059420897085373e-02
5.515624999999999556e-01 4.158939008499731860e-02
5.622499999999999165e-01 4.421130162983562956e-02
5.730625000000000302e-01 4.698296071404940016e-02
5.839999999999999636e-01 4.989528314523635627e-02
5.950625000000000497e-01 5.293434629520749057e-02
6.062500000000000666e-01 5.608122159059765466e-02
6.175625000000000142e-01 5.932311017719760216e-02
6.290000000000000036e-01 6.117550582990288754e-02
6.405625000000000346e-01 6.456508757021343914e-02
6.522500000000001075e-01 6.804127675035158418e-02
6.640625000000000000e-01 7.160002234800881549e-02
6.759999999999999343e-01 7.523740545720902784e-02
6.880624999999999103e-01 7.894977992838443648e-02
7.002499999999999281e-01 8.091750310059599161e-02
7.125624999999999876e-01 8.475680314503311608e-02
7.249999999999999778e-01 8.867139468945425818e-02
7.375625000000000098e-01 9.266122765635299852e-02
7.502499999999999725e-01 9.672744794322324369e-02
7.630624999999999769e-01 1.008726054535738215e-01
7.760000000000000231e-01 1.029679134335635959e-01
7.890625000000000000e-01 1.072902175995854440e-01
8.022500000000000187e-01 1.117197038660748820e-01
8.155624999999999680e-01 1.162634049359081295e-01
8.290000000000000702e-01 1.209187116021002428e-01
8.425625000000001030e-01 1.256807676150021869e-01
8.562500000000000666e-01 1.281169666497586901e-01
8.700625000000000719e-01 1.331024915534038400e-01
8.840000000000001190e-01 1.381884948842354854e-01
8.980625000000002078e-01 1.433680859367625071e-01
9.122500000000001164e-01 1.486334749524342302e-01
9.265625000000000666e-01 1.512510754053662532e-01
9.409999999999999476e-01 1.567078620511489495e-01
9.555624999999998703e-01 1.622378487455143070e-01
9.702499999999999458e-01 1.678311461365439017e-01
9.850624999999999520e-01 1.734769426176496210e-01
9.999999999999998890e-01 1.791635174910711226e-01
1.015062499999999979e+00 1.819517606160626355e-01
1.030250000000000110e+00 1.877916821513734569e-01
1.045562499999999950e+00 1.936790272937081447e-01
1.061000000000000165e+00 1.996038487435302378e-01
1.076562500000000089e+00 2.023180148538784029e-01
1.092250000000000165e+00 2.083882952546601275e-01
1.108062500000000172e+00 2.144841229462876309e-01
1.124000000000000110e+00 2.205947408712844171e-01
1.140062500000000201e+00 2.267088232392143743e-01
1.156250000000000222e+00 2.293990824574858589e-01
1.172562500000000174e+00 2.356261418021391718e-01
1.189000000000000279e+00 2.418459609411305888e-01
1.205562500000000092e+00 2.480474810986367518e-01
1.222250000000000281e+00 2.542192976546307492e-01
1.239062500000000178e+00 2.568340550136472000e-01
1.256000000000000227e+00 2.630984822737279516e-01
1.273062500000000208e+00 2.693261076461160308e-01
1.290250000000000341e+00 2.755039126256885740e-01
1.307562500000000405e+00 2.778912354001235041e-01
1.325000000000000400e+00 2.841371834316420708e-01
1.342562499999999881e+00 2.903227901234167185e-01
1.360250000000000181e+00 2.964354329691685219e-01
1.378062499999999968e+00 2.985604045868344159e-01
1.395999999999999908e+00 3.047207075440627744e-01
1.414062500000000000e+00 3.108015511601743275e-01
1.432249999999999801e+00 3.167914608958337652e-01
1.450562499999999977e+00 3.186446502661068880e-01
1.469000000000000083e+00 3.246760923581622493e-01
1.487562500000000121e+00 3.306160529070857890e-01
1.506250000000000089e+00 3.364547758433642510e-01
1.525062500000000210e+00 3.380594695289533824e-01
1.544000000000000039e+00 3.439403725498960118e-01
1.563062500000000021e+00 3.497095224327337881e-01
1.582250000000000156e+00 3.553506256744513592e-01
1.601562500000000222e+00 3.566903750704878417e-01
1.621000000000000218e+00 3.623408415292747597e-01
1.640562500000000146e+00 3.678490179363162471e-01
1.660250000000000448e+00 3.731982742677495968e-01
1.680062500000000236e+00 3.742357145028711862e-01
1.700000000000000400e+00 3.795657106967575967e-01
1.720062500000000272e+00 3.847241804821293076e-01
1.740250000000000519e+00 3.896944716010990462e-01
1.760562500000000252e+00 3.904067599297427194e-01
1.781000000000000361e+00 3.953362076172708406e-01
1.801562500000000400e+00 4.000675174740669360e-01
1.822250000000000369e+00 4.045844052081715714e-01
1.843062500000000048e+00 4.049672584151142729e-01
1.863999999999999879e+00 4.094310399309049053e-01
1.885062499999999863e+00 4.136739053981638436e-01
1.906250000000000000e+00 4.135748339403482743e-01
1.927562499999999845e+00 4.177516664261011758e-01
1.948999999999999844e+00 4.217040578357610925e-01
1.970562500000000217e+00 4.254176804826785285e-01
1.992250000000000076e+00 4.250247501710628928e-01
2.014062500000000089e+00 4.286814001205490055e-01
2.036000000000000032e+00 4.321123544916594672e-01
2.058062500000000128e+00 4.313323331064177757e-01
2.080249999999999932e+00 4.347738956912282626e-01
2.102562499999999890e+00 4.380127565548229684e-01
2.125000000000000444e+00 4.369349416925698559e-01
2.147562500000000263e+00 4.401752745304596259e-01
2.170250000000000234e+00 4.432044325341246149e-01
2.193062500000000359e+00 4.460053838490576905e-01
2.216000000000000192e+00 4.448446219758102060e-01
2.239062500000000178e+00 4.476392177585857834e-01
2.262250000000000316e+00 4.501980350925646746e-01
2.285562500000000608e+00 4.487387235436719468e-01
2.309000000000000608e+00 4.512770286081353444e-01
2.332562500000000316e+00 4.535727122426777003e-01
2.356250000000000178e+00 4.518234659367025841e-01
2.380062500000000192e+00 4.540872648399369993e-01
2.403999999999999915e+00 4.561024935026511407e-01
2.428062499999999790e+00 4.540749188216510746e-01
2.452249999999999819e+00 4.560498409707611223e-01
2.476562500000000000e+00 4.577712773705016058e-01
2.500999999999999890e+00 4.554802231901726728e-01
2.525562499999999932e+00 4.571560106617211794e-01
2.550250000000000128e+00 4.585745388824880031e-01
2.575062500000000032e+00 4.560382584772147974e-01
2.600000000000000089e+00 4.574089587551861680e-01
2.625062500000000743e+00 4.585198431149477560e-01
2.650250000000000217e+00 4.557600680283204198e-01
2.675562500000000288e+00 4.568241435676106410e-01
2.701000000000000068e+00 4.576271017536381880e-01
2.726562500000000000e+00 4.546690315023584339e-01
2.752250000000000085e+00 4.554293814549796315e-01
2.778062499999999879e+00 4.559285683098318609e-01
2.804000000000000270e+00 4.528007829150409447e-01
2.830062499999999481e+00 4.532646760506268691e-01
2.856250000000000178e+00 4.534685781376661673e-01
2.882562500000000139e+00 4.502028837972408271e-01
2.909000000000000252e+00 4.503818054249890679e-01
2.935562499999999631e+00 4.503030502583783568e-01
2.962250000000000050e+00 4.469342717709734458e-01
2.989062499999999734e+00 4.468436911367917874e-01
3.016000000000000458e+00 4.464986792744857214e-01
3.043062500000000004e+00 4.430625952166105108e-01
3.070250000000000590e+00 4.427152538540675697e-01
3.097562499999999996e+00 4.421103924137810282e-01
3.125000000000000444e+00 4.386264207729998477e-01
3.152562500000000156e+00 4.380196883380111927e-01
3.180250000000000465e+00 4.342539019572179138e-01
3.208062500000000039e+00 4.336354858162166370e-01
3.236000000000000654e+00 4.327673930103015931e-01
3.264062500000000089e+00 4.289802293782564724e-01
3.292250000000001009e+00 4.281036617045561044e-01
3.320562499999999861e+00 4.269742285667362802e-01
3.349000000000000643e+00 4.231833871644257172e-01
3.377562500000000245e+00 4.220500779382823087e-01
3.406250000000000444e+00 4.180290218177918904e-01
3.435062500000000352e+00 4.168857847894642532e-01
3.463999999999999968e+00 4.154988465137080533e-01
3.493062500000000181e+00 4.115044774080785506e-01
3.522249999999999659e+00 4.101146082117984593e-01
3.551562500000000622e+00 4.059286308483129324e-01
3.580999999999999961e+00 4.045319696005541532e-01
3.610562500000000341e+00 4.029014038896782113e-01
3.640249999999999986e+00 3.987740786035387508e-01
3.670062500000000227e+00 3.971456692335781358e-01
3.699999999999999734e+00 3.952816944692778556e-01
3.730062500000000281e+00 3.912351919352470841e-01
3.760250000000000092e+00 3.893832912645139865e-01
3.790562500000000501e+00 3.851929132038458548e-01
3.821000000000000174e+00 3.833517621758767979e-01
3.851562500000000888e+00 3.790410881331878201e-01
3.882249999999999979e+00 3.772102870455220636e-01
3.913062500000000998e+00 3.751661634241659216e-01
3.944000000000000394e+00 3.709813952867116460e-01
3.975062500000000387e+00 3.689593534457340507e-01
4.006249999999999645e+00 3.646868987068281331e-01
4.037562500000000831e+00 3.626873064499155364e-01
4.068999999999999950e+00 3.604829177731385115e-01
4.100562500000000554e+00 3.563652645971777111e-01
4.132249999999999979e+00 3.541885028844470318e-01
4.164062500000000000e+00 3.500031150468320140e-01
4.195999999999999730e+00 3.478499846544982343e-01
4.228062499999999169e+00 3.436101964170448775e-01
4.260250000000000092e+00 3.414774093033017821e-01
4.292562499999998948e+00 3.391505462465923548e-01
4.325000000000000178e+00 3.350803808943081386e-01
4.357562499999999339e+00 3.327787896575050142e-01
4.390249999999999986e+00 3.286681134437728913e-01
4.423062499999999453e+00 3.263893128888801787e-01
4.456000000000000405e+00 3.222494717770396089e-01
4.489062499999999289e+00 3.199915255411562853e-01
4.522249999999999659e+00 3.175492710778827221e-01
4.555562499999999737e+00 3.135944597477824392e-01
4.589000000000000412e+00 3.111786241347694881e-01
4.622562499999999019e+00 3.072067996536711476e-01
4.656250000000000000e+00 3.048161080029904157e-01
4.690062499999999801e+00 3.008369037321728667e-01
4.724000000000000199e+00 2.984703969544497126e-01
4.758062499999999417e+00 2.944928212451003446e-01
4.792250000000000121e+00 2.921499010446515499e-01
4.826562499999999645e+00 2.881823039682163690e-01
4.861000000000000654e+00 2.858626881954797194e-01
4.895562499999999595e+00 2.833802627319051970e-01
4.930250000000000909e+00 2.796164959522821625e-01
4.965062500000000156e+00 2.771633219100049228e-01
5.000000000000000888e+00 2.734187398374487432e-01
5.035062500000000441e+00 2.709947764269737269e-01
5.070249999999998813e+00 2.672759456014425772e-01
5.105562499999999559e+00 2.648801486977667152e-01
5.141000000000000014e+00 2.611920890475538104e-01
5.176562500000000178e+00 2.588231623667191506e-01
5.212249999999999162e+00 2.551704196000013636e-01
5.248062499999999631e+00 2.528273006977121984e-01
5.283999999999998920e+00 2.492140537020996194e-01
5.320062499999999694e+00 2.468958882077483818e-01
5.356249999999999289e+00 2.433259789791989425e-01
5.392562500000000369e+00 2.410320968525231367e-01
5.428999999999998494e+00 2.375090568478340214e-01
5.465562500000000767e+00 2.352389504269773723e-01
5.502249999999999197e+00 2.317660236998158596e-01
5.539062500000000000e+00 2.295193273807391854e-01
5.575999999999999623e+00 2.260994911198868640e-01
5.613062500000000732e+00 2.238759624946106974e-01
5.650249999999999773e+00 2.205119452365683075e-01
5.687562500000000298e+00 2.183114475649395869e-01
5.724999999999999645e+00 2.159852296070438049e-01
5.762562500000001364e+00 2.128282313479813725e-01
5.800250000000000128e+00 2.095831227223090565e-01
5.838062500000000377e+00 2.074286189923268964e-01
5.875999999999999446e+00 2.042461776335049994e-01
5.914062500000000888e+00 2.021147710724430224e-01
5.952249999999999375e+00 1.989968781832167355e-01
5.990562500000000234e+00 1.968887023990067986e-01
6.028999999999999915e+00 1.938370405701869970e-01
6.067562499999999304e+00 1.917520667300900150e-01
6.106250000000000178e+00 1.887675931117546446e-01
6.145062499999998984e+00 1.867051628812560482e-01
6.184000000000000163e+00 1.837883568423617220e-01
6.223062499999999275e+00 1.817478059802736523e-01
6.262249999999999872e+00 1.788990603583530958e-01
6.301562499999999289e+00 1.768797868132198359e-01
6.341000000000001080e+00 1.740994156446796226e-01
6.380562499999999915e+00 1.721008703225430370e-01
6.420250000000000234e+00 1.693891152859385574e-01
6.460062499999999375e+00 1.674107932551535394e-01
6.500000000000000888e+00 1.647678296148269439e-01
6.540062499999999446e+00 1.628092616847006679e-01
6.580250000000000377e+00 1.602352037901387249e-01
6.620562500000000128e+00 1.582959970197543309e-01
6.661000000000001364e+00 1.557908548441508945e-01
6.701562499999999645e+00 1.532460130782643259e-01
6.742250000000000298e+00 1.514343687168314689e-01
6.783062499999999773e+00 1.489597098239218986e-01
6.824000000000000732e+00 1.471652973122111185e-01
6.865062499999999623e+00 1.447606208606132816e-01
6.906250000000000888e+00 1.429831555650530328e-01
6.947562500000000085e+00 1.406482262062457023e-01
6.989000000000000767e+00 1.388874185581669141e-01
7.030562500000000270e+00 1.366219639961804011e-01
7.072249999999999481e+00 1.348774872919651924e-01
7.114062499999999289e+00 1.326809729571926388e-01
7.155999999999998806e+00 1.304588361184968459e-01
7.198062500000000696e+00 1.288240100651106002e-01
7.240249999999998742e+00 1.266703589433993415e-01
7.282562500000000050e+00 1.250498117388773867e-01
7.324999999999999289e+00 1.229639240456222721e-01
7.367562500000000902e+00 1.213571190795590254e-01
7.410249999999998671e+00 1.193382837052631151e-01
7.453062499999999702e+00 1.173017786262799816e-01
7.495999999999998664e+00 1.157921933326359065e-01
7.539062500000000888e+00 1.138217768497361004e-01
7.582250000000000156e+00 1.123244076495199251e-01
7.625562500000000021e+00 1.104193183520963129e-01
7.668999999999999595e+00 1.089336768820397955e-01
7.712562500000000654e+00 1.070931716640541459e-01
7.756249999999999645e+00 1.052404980600771672e-01
7.800062500000001009e+00 1.038420992884307864e-01
7.843999999999999417e+00 1.020527342763574014e-01
7.888062500000001087e+00 1.006648540037820977e-01
7.932249999999999801e+00 9.893803104657560021e-02
7.976562500000001776e+00 9.720340471591204512e-02
8.021000000000000796e+00 9.589515110671871512e-02
8.065562500000000412e+00 9.422159017316919516e-02
8.110249999999998849e+00 9.292271665645329692e-02
8.155062499999999659e+00 9.130927672804817208e-02
8.200000000000001066e+00 8.969112744155026407e-02
8.245062499999999517e+00 8.846484800057650977e-02
8.290250000000000341e+00 8.690498426537773824e-02
8.335562499999999986e+00 8.568670302333780686e-02
8.381000000000000227e+00 8.418420276542433467e-02
8.426562499999999289e+00 8.267919124001316122e-02
8.472250000000000725e+00 8.152724173817363362e-02
8.518062499999999204e+00 8.007774710116800920e-02
8.564000000000000057e+00 7.893256898887324180e-02
8.610062499999999730e+00 7.753772719926241286e-02
8.656250000000000000e+00 7.614193155331128171e-02
8.702562499999999091e+00 7.505765237650025012e-02
8.749000000000000554e+00 7.371467542774085002e-02
8.795562500000000838e+00 7.263606732265108501e-02
8.842250000000001720e+00 7.134508437870649977e-02
8.889062499999999645e+00 7.005421843665407544e-02
8.936000000000001720e+00 6.903172712472166461e-02
8.983062499999999062e+00 6.779107302408569902e-02
9.030250000000000554e+00 6.655219802518505534e-02
9.077562500000000867e+00 6.558198828298203442e-02
9.125000000000000000e+00 6.439154837236135687e-02
9.172562499999999730e+00 6.342559625568167103e-02
9.220250000000000057e+00 6.228285849086376974e-02
9.268062500000000981e+00 6.114225804059571223e-02
9.315999999999998948e+00 6.022477968059663372e-02
9.364062500000001066e+00 5.913017821003623692e-02
9.412249999999998451e+00 5.803880405339240101e-02
9.460562499999999986e+00 5.716669805348848638e-02
9.508999999999998565e+00 5.611963503654578134e-02
9.557562500000001293e+00 5.507668058235698494e-02
9.606249999999999289e+00 5.424710338642550062e-02
9.655062500000001435e+00 5.324681089007309714e-02
9.703999999999998849e+00 5.225131444485933696e-02
9.753062500000000412e+00 5.146166392175360871e-02
9.802249999999999019e+00 5.050722138995651644e-02
9.851562500000000000e+00 4.955809794728396889e-02
9.900999999999999801e+00 4.880598251092202466e-02
9.950562500000000199e+00 4.789634817251353649e-02
1.000024999999999942e+01 4.699241645556671843e-02
1.005006250000000101e+01 4.627562060534588795e-02
1.009999999999999964e+01 4.540960351100648690e-02
