# Energy [MeV] 	-	 Rate [MeV^-1 s^-1]
1.000000000000000056e-01 9.498210759393338942e-06
1.000624999999999987e-01 9.166556006915831833e-06
1.002500000000000058e-01 1.028827343518160187e-05
1.005624999999999991e-01 1.243950243366181131e-05
1.010000000000000064e-01 1.614191224769602015e-05
1.015625000000000000e-01 2.236387464463250344e-05
1.022500000000000075e-01 3.286576224050110967e-05
1.030625000000000013e-01 5.083580020592831780e-05
1.040000000000000091e-01 8.202835841690160775e-05
1.050625000000000031e-01 1.367238717262077372e-04
1.062500000000000111e-01 2.329059637504587174e-04
1.075625000000000053e-01 4.009395989151967924e-04
1.089999999999999997e-01 6.894065076877906170e-04
1.105625000000000080e-01 1.170143951920449158e-03
1.122500000000000026e-01 1.937701681604598290e-03
1.140625000000000111e-01 3.095313207753445234e-03
1.160000000000000059e-01 4.719348107953197542e-03
1.180625000000000147e-01 6.802291062329251375e-03
1.202499999999999958e-01 9.193049748144952252e-03
1.225625000000000048e-01 1.157424942073502494e-02
1.250000000000000000e-01 1.351722282683819922e-02
1.275624999999999953e-01 1.461819304316931169e-02
1.302500000000000047e-01 1.465790122927303554e-02
1.330625000000000002e-01 1.369287371507051966e-02
1.360000000000000098e-01 1.202153195983172995e-02
1.390625000000000056e-01 1.005106703404318701e-02
1.422500000000000153e-01 8.150336742758668152e-03
1.455625000000000113e-01 6.564399158033406081e-03
1.490000000000000213e-01 5.411136269658205905e-03
1.525624999999999898e-01 4.723628261074624274e-03
1.562500000000000000e-01 4.428685085346699239e-03
1.600624999999999964e-01 4.459071725424730050e-03
1.640000000000000069e-01 4.813641551562935529e-03
1.680625000000000036e-01 5.553792778832634773e-03
1.722500000000000142e-01 6.815465833540992023e-03
1.765625000000000111e-01 8.362766670567381780e-03
1.809999999999999942e-01 1.136292533539552674e-02
1.855625000000000191e-01 1.600090497036672776e-02
1.902500000000000024e-01 2.304971273257295020e-02
1.950625000000000275e-01 3.344598189928898319e-02
2.000000000000000111e-01 4.801045656094351383e-02
2.050625000000000364e-01 6.702115478289166761e-02
2.102499999999999925e-01 9.062390915710766270e-02
2.155624999999999902e-01 1.186692927871456221e-01
2.210000000000000020e-01 1.505047519083816954e-01
2.265625000000000278e-01 1.849618237255427067e-01
2.322500000000000120e-01 2.204451050894827291e-01
2.380625000000000380e-01 2.551204630672842533e-01
2.439999999999999947e-01 2.871714355136515961e-01
2.500624999999999654e-01 3.012193340074940662e-01
2.562499999999999778e-01 3.231287319669101099e-01
2.625625000000000320e-01 3.397968466540020049e-01
2.690000000000000169e-01 3.515548657031459245e-01
2.755625000000000435e-01 3.593515706922684738e-01
2.822500000000000009e-01 3.646511153087524937e-01
2.890625000000000000e-01 3.693303698688611969e-01
2.960000000000000409e-01 3.756314225565171583e-01
3.030625000000000124e-01 3.861847200414447734e-01
3.102500000000000258e-01 4.027911145896967415e-01
3.175624999999999698e-01 4.259369090006377423e-01
3.249999999999999556e-01 4.561899718455934560e-01
3.325624999999999831e-01 4.760647362349091916e-01
3.402500000000000524e-01 5.214205064161826497e-01
3.480625000000000524e-01 5.760789920268959419e-01
3.559999999999999831e-01 6.409202539173204372e-01
3.640625000000000666e-01 7.166835459818683418e-01
3.722500000000000808e-01 8.037846449207036725e-01
3.805625000000000258e-01 9.020667014265838501e-01
3.890000000000000124e-01 1.010483278370098770e+00
3.975625000000000409e-01 1.126729231123261732e+00
4.062500000000001110e-01 1.206971906281753215e+00
4.150625000000000009e-01 1.326131103139122080e+00
4.239999999999999325e-01 1.446132558550331515e+00
4.330624999999999059e-01 1.566151460882196922e+00
4.422500000000000320e-01 1.685659480075599959e+00
4.515624999999999778e-01 1.804508053543744772e+00
4.609999999999999654e-01 1.923005371607761083e+00
4.705624999999999947e-01 2.041989064800268761e+00
4.802500000000000657e-01 2.100860437668659930e+00
4.900625000000000675e-01 2.223872558925005904e+00
5.000000000000001110e-01 2.353878339666243047e+00
5.100625000000000853e-01 2.493948956136550432e+00
5.202500000000001013e-01 2.645077147351365454e+00
5.305625000000000480e-01 2.807577138501095249e+00
5.409999999999999254e-01 2.981640865090296799e+00
5.515624999999999556e-01 3.084646569824514017e+00
5.622499999999999165e-01 3.279111322412617380e+00
5.730625000000000302e-01 3.484682711398363608e+00
5.839999999999999636e-01 3.700686970639096796e+00
5.950625000000000497e-01 3.926091471688044621e+00
6.062500000000000666e-01 4.159492299777911128e+00
6.175625000000000142e-01 4.399940175737896197e+00
6.290000000000000036e-01 4.537330646826727154e+00
6.405625000000000346e-01 4.788732787301034577e+00
6.522500000000001075e-01 5.046558521428394783e+00
6.640625000000000000e-01 5.310507388633638470e+00
6.759999999999999343e-01 5.580288727287600281e+00
6.880624999999999103e-01 5.855632105851506175e+00
7.002499999999999281e-01 6.001576312321496687e+00
7.125624999999999876e-01 6.286333643179131236e+00
7.249999999999999778e-01 6.576675274905001700e+00
7.375625000000000098e-01 6.872597493296872528e+00
7.502499999999999725e-01 7.174185288511260694e+00
7.630624999999999769e-01 7.481627784531359460e+00
7.760000000000000231e-01 7.637034838109028279e+00
7.890625000000000000e-01 7.957616137623377384e+00
8.022500000000000187e-01 8.286147034327738581e+00
8.155624999999999680e-01 8.623149137285377464e+00
8.290000000000000702e-01 8.968428924029121063e+00
8.425625000000001030e-01 9.321626211017209229e+00
8.562500000000000666e-01 9.502316838617504757e+00
8.700625000000000719e-01 9.872088606401884903e+00
8.840000000000001190e-01 1.024931276613353504e+01
8.980625000000002078e-01 1.063347824056388902e+01
9.122500000000001164e-01 1.102400727051089291e+01
9.265625000000000666e-01 1.121815227340234777e+01
9.409999999999999476e-01 1.162287708842806921e+01
9.555624999999998703e-01 1.203303108330723781e+01
9.702499999999999458e-01 1.244788077396115966e+01
9.850624999999999520e-01 1.286662427353591376e+01
9.999999999999998890e-01 1.328839226872649171e+01
1.015062499999999979e+00 1.349519368066750680e+01
1.030250000000000110e+00 1.392833525584148369e+01
1.045562499999999950e+00 1.436499419605578431e+01
1.061000000000000165e+00 1.480443271931052962e+01
1.076562500000000089e+00 1.500573990763693644e+01
1.092250000000000165e+00 1.545596698665572433e+01
1.108062500000000172e+00 1.590808888459153891e+01
1.124000000000000110e+00 1.636130776044729984e+01
1.140062500000000201e+00 1.681478359082889185e+01
1.156250000000000222e+00 1.701431762709693274e+01
1.172562500000000174e+00 1.747617285527693198e+01
1.189000000000000279e+00 1.793749108410431603e+01
1.205562500000000092e+00 1.839745209441137419e+01
1.222250000000000281e+00 1.885521001608624303e+01
1.239062500000000178e+00 1.904914414933331201e+01
1.256000000000000227e+00 1.951377092121516910e+01
1.273062500000000208e+00 1.997566813114853801e+01
1.290250000000000341e+00 2.043387020865757719e+01
1.307562500000000405e+00 2.061093572926693795e+01
1.325000000000000400e+00 2.107419191386939872e+01
1.342562499999999881e+00 2.153297263715184329e+01
1.360250000000000181e+00 2.198634169950592465e+01
1.378062499999999968e+00 2.214394887763502595e+01
1.395999999999999908e+00 2.260085284634578784e+01
1.414062500000000000e+00 2.305186338926885981e+01
1.432249999999999801e+00 2.349612945044215451e+01
1.450562499999999977e+00 2.363357879082835211e+01
1.469000000000000083e+00 2.408092526843567782e+01
1.487562500000000121e+00 2.452148664465881112e+01
1.506250000000000089e+00 2.495453932085193571e+01
1.525062500000000210e+00 2.507355796629850531e+01
1.544000000000000039e+00 2.550973910033167158e+01
1.563062500000000021e+00 2.593763160754419062e+01
1.582250000000000156e+00 2.635602701389710845e+01
1.601562500000000222e+00 2.645539498660512123e+01
1.621000000000000218e+00 2.687448485410223142e+01
1.640562500000000146e+00 2.728302120015686327e+01
1.660250000000000448e+00 2.767977059129122708e+01
1.680062500000000236e+00 2.775671657333437281e+01
1.700000000000000400e+00 2.815203745789287026e+01
1.720062500000000272e+00 2.853463638748685582e+01
1.740250000000000519e+00 2.890327827956148354e+01
1.760562500000000252e+00 2.895610804564333307e+01
1.781000000000000361e+00 2.932172061821022169e+01
1.801562500000000400e+00 2.967263749125679695e+01
1.822250000000000369e+00 3.000765087392033692e+01
1.843062500000000048e+00 3.003604674193205781e+01
1.863999999999999879e+00 3.036712128553517331e+01
1.885062499999999863e+00 3.068181069028641517e+01
1.906250000000000000e+00 3.067446265195502164e+01
1.927562499999999845e+00 3.098425445158424907e+01
1.948999999999999844e+00 3.127739966432959662e+01
1.970562500000000217e+00 3.155283561893291733e+01
1.992250000000000076e+00 3.152369234139447585e+01
2.014062500000000089e+00 3.179490268376018847e+01
2.036000000000000032e+00 3.204937339396874307e+01
2.058062500000000128e+00 3.199151992976881687e+01
2.080249999999999932e+00 3.224677744136919699e+01
2.102562499999999890e+00 3.248700075391605679e+01
2.125000000000000444e+00 3.240706022314702039e+01
2.147562500000000263e+00 3.264739271066516579e+01
2.170250000000000234e+00 3.287206255618026063e+01
2.193062500000000359e+00 3.307980652280720335e+01
2.216000000000000192e+00 3.299371388900388524e+01
2.239062500000000178e+00 3.320098647169303518e+01
2.262250000000000316e+00 3.339077158505804022e+01
2.285562500000000608e+00 3.328253579813254959e+01
2.309000000000000608e+00 3.347079953545269859e+01
2.332562500000000316e+00 3.364106826587219246e+01
2.356250000000000178e+00 3.351132828636112748e+01
2.380062500000000192e+00 3.367923215577019391e+01
2.403999999999999915e+00 3.382869980050244152e+01
2.428062499999999790e+00 3.367831646302078497e+01
2.452249999999999819e+00 3.382479461094424522e+01
2.476562500000000000e+00 3.395247195544906305e+01
2.500999999999999890e+00 3.378254658736391747e+01
2.525562499999999932e+00 3.390683819311494318e+01
2.550250000000000128e+00 3.401204911833989541e+01
2.575062500000000032e+00 3.382393554811812209e+01
2.600000000000000089e+00 3.392559911909292936e+01
2.625062500000000743e+00 3.400799238388485435e+01
2.650250000000000217e+00 3.380330242000091800e+01
2.675562500000000288e+00 3.388222391790220200e+01
2.701000000000000068e+00 3.394177858338724718e+01
2.726562500000000000e+00 3.372238125067191561e+01
2.752250000000000085e+00 3.377877570292114484e+01
2.778062499999999879e+00 3.381579992992622863e+01
2.804000000000000270e+00 3.358381498209549676e+01
2.830062499999999481e+00 3.361822150660869823e+01
2.856250000000000178e+00 3.363334473568404093e+01
2.882562500000000139e+00 3.339113120899614984e+01
2.909000000000000252e+00 3.340440166052638205e+01
2.935562499999999631e+00 3.339856046271030721e+01
2.962250000000000050e+00 3.314870128024965368e+01
2.989062499999999734e+00 3.314198299844880324e+01
3.016000000000000458e+00 3.311639378794480137e+01
3.043062500000000004e+00 3.286154261361669882e+01
3.070250000000000590e+00 3.283578062623655569e+01
3.097562499999999996e+00 3.279091861303577815e+01
3.125000000000000444e+00 3.253251566100546910e+01
3.152562500000000156e+00 3.248751487785950331e+01
3.180250000000000465e+00 3.220820998739414875e+01
3.208062500000000039e+00 3.216234263458727582e+01
3.236000000000000654e+00 3.209795699462983265e+01
3.264062500000000089e+00 3.181706657322481036e+01
3.292250000000001009e+00 3.175205236016784838e+01
3.320562499999999861e+00 3.166828334967488701e+01
3.349000000000000643e+00 3.138712015145321388e+01
3.377562500000000245e+00 3.130306365507679800e+01
3.406250000000000444e+00 3.100482564428162036e+01
3.435062500000000352e+00 3.092003281200583231e+01
3.463999999999999968e+00 3.081716488376441276e+01
3.493062500000000181e+00 3.052090622416125854e+01
3.522249999999999659e+00 3.041782091225709550e+01
3.551562500000000622e+00 3.010735084551058094e+01
3.580999999999999961e+00 3.000376177343458295e+01
3.610562500000000341e+00 2.988282422381804082e+01
3.640249999999999986e+00 2.957670432736326305e+01
3.670062500000000227e+00 2.945592671155676001e+01
3.699999999999999734e+00 2.931767742847760161e+01
3.730062500000000281e+00 2.901755208074199643e+01
3.760250000000000092e+00 2.888019832200778936e+01
3.790562500000000501e+00 2.856940185962416834e+01
3.821000000000000174e+00 2.843284539194461047e+01
3.851562500000000888e+00 2.811312668791377689e+01
3.882249999999999979e+00 2.797733786572726444e+01
3.913062500000000998e+00 2.782572710865599319e+01
3.944000000000000394e+00 2.751534672908501378e+01
3.975062500000000387e+00 2.736537375722685539e+01
4.006249999999999645e+00 2.704848974358387892e+01
4.037562500000000831e+00 2.690018183659785223e+01
4.068999999999999950e+00 2.673668436869835574e+01
4.100562500000000554e+00 2.643128184370365830e+01
4.132249999999999979e+00 2.626983344215742733e+01
4.164062500000000000e+00 2.595940709999911178e+01
4.195999999999999730e+00 2.579971141161501080e+01
4.228062499999999169e+00 2.548525024215046031e+01
4.260250000000000092e+00 2.532706339591090838e+01
4.292562499999998948e+00 2.515448211660713795e+01
4.325000000000000178e+00 2.485260171954235986e+01
4.357562499999999339e+00 2.468189482773090049e+01
4.390249999999999986e+00 2.437700977756702514e+01
4.423062499999999453e+00 2.420799324953906506e+01
4.456000000000000405e+00 2.390094506587599810e+01
4.489062499999999289e+00 2.373347528338738854e+01
4.522249999999999659e+00 2.355233553025869853e+01
4.555562499999999737e+00 2.325901083425401339e+01
4.589000000000000412e+00 2.307983054279732116e+01
4.622562499999999019e+00 2.278524399712976845e+01
4.656250000000000000e+00 2.260792861008719967e+01
4.690062499999999801e+00 2.231279471224631550e+01
4.724000000000000199e+00 2.213727309484693251e+01
4.758062499999999417e+00 2.184225998590290985e+01
4.792250000000000121e+00 2.166848776310963842e+01
4.826562499999999645e+00 2.137421476013317800e+01
4.861000000000000654e+00 2.120217100517399444e+01
4.895562499999999595e+00 2.101805180613288471e+01
4.930250000000000909e+00 2.073889670761725768e+01
4.965062500000000156e+00 2.055694705942026346e+01
5.000000000000000888e+00 2.027921487287147784e+01
5.035062500000000441e+00 2.009943175019952832e+01
5.070249999999998813e+00 1.982360950980870484e+01
5.105562499999999559e+00 1.964591547087674783e+01
5.141000000000000014e+00 1.937237550007928633e+01
5.176562500000000178e+00 1.919667440070582742e+01
5.212249999999999162e+00 1.892575385046986014e+01
5.248062499999999631e+00 1.875196689014492435e+01
5.283999999999998920e+00 1.848397570469672857e+01
5.320062499999999694e+00 1.831203951554314457e+01
5.356249999999999289e+00 1.804726265216707404e+01
5.392562500000000369e+00 1.787712753791864984e+01
5.428999999999998494e+00 1.761582692149680085e+01
5.465562500000000767e+00 1.744745522934356785e+01
5.502249999999999197e+00 1.718987146833390867e+01
5.539062500000000000e+00 1.702323608176262226e+01
5.575999999999999623e+00 1.676958999150166463e+01
5.613062500000000732e+00 1.660467293133684663e+01
5.650249999999999773e+00 1.635516688485141401e+01
5.687562500000000298e+00 1.619195800920247663e+01
5.724999999999999645e+00 1.601942457628073768e+01
5.762562500000001364e+00 1.578527293734449621e+01
5.800250000000000128e+00 1.554458623406683415e+01
5.838062500000000377e+00 1.538478868650037867e+01
5.875999999999999446e+00 1.514874995640376909e+01
5.914062500000000888e+00 1.499066550447875024e+01
5.952249999999999375e+00 1.475941427462964128e+01
5.990562500000000234e+00 1.460305282792265125e+01
6.028999999999999915e+00 1.437671389452413706e+01
6.067562499999999304e+00 1.422207331453760837e+01
6.106250000000000178e+00 1.400071766852512667e+01
6.145062499999998984e+00 1.384774912719744400e+01
6.184000000000000163e+00 1.363141232292279170e+01
6.223062499999999275e+00 1.348006655409981391e+01
6.262249999999999872e+00 1.326877772795927868e+01
6.301562499999999289e+00 1.311901007804177688e+01
6.341000000000001080e+00 1.291279252182492066e+01
6.380562499999999915e+00 1.276456226502226343e+01
6.420250000000000234e+00 1.256343390380386715e+01
6.460062499999999375e+00 1.241670358980317879e+01
6.500000000000000888e+00 1.222067742277729252e+01
6.540062499999999446e+00 1.207541225213928016e+01
6.580250000000000377e+00 1.188449676050156611e+01
6.620562500000000128e+00 1.174066758916183417e+01
6.661000000000001364e+00 1.155486351261483691e+01
6.701562499999999645e+00 1.136611495420011408e+01
6.742250000000000298e+00 1.123174696866791500e+01
6.783062499999999773e+00 1.104820380898468102e+01
6.824000000000000732e+00 1.091511389379755848e+01
6.865062499999999623e+00 1.073676126701456468e+01
6.906250000000000888e+00 1.060492831116392054e+01
6.947562500000000085e+00 1.043174876169927856e+01
6.989000000000000767e+00 1.030115128814491499e+01
7.030562500000000270e+00 1.013312462005855252e+01
7.072249999999999481e+00 1.000373839749564731e+01
7.114062499999999289e+00 9.840824962254592023e+00
7.155999999999998806e+00 9.676011129612311024e+00
7.198062500000000696e+00 9.554757594334857274e+00
7.240249999999998742e+00 9.395023283934811786e+00
7.282562500000000050e+00 9.274828797661974988e+00
7.324999999999999289e+00 9.120120438032509824e+00
7.367562500000000902e+00 9.000945200867153773e+00
7.410249999999998671e+00 8.851210049675083624e+00
7.453062499999999702e+00 8.700164352840500825e+00
7.495999999999998664e+00 8.588199808797394752e+00
7.539062500000000888e+00 8.442055841966396912e+00
7.582250000000000156e+00 8.330997354266356680e+00
7.625562500000000021e+00 8.189698644318999854e+00
7.668999999999999595e+00 8.079509991510347433e+00
7.712562500000000654e+00 7.943001422959554247e+00
7.756249999999999645e+00 7.805590336482127967e+00
7.800062500000001009e+00 7.701872393867716937e+00
7.843999999999999417e+00 7.569156847056963677e+00
7.888062500000001087e+00 7.466219051783255622e+00
7.932249999999999801e+00 7.338142191296589623e+00
7.976562500000001776e+00 7.209486561822988193e+00
8.021000000000000796e+00 7.112454602474437948e+00
8.065562500000000412e+00 6.988328136986067030e+00
8.110249999999998849e+00 6.891991890414948863e+00
8.155062499999999659e+00 6.772324544233645049e+00
8.200000000000001066e+00 6.652307909321212520e+00
8.245062499999999517e+00 6.561355898158879540e+00
8.290250000000000341e+00 6.445662248640529945e+00
8.335562499999999986e+00 6.355303456490441150e+00
8.381000000000000227e+00 6.243864402989985685e+00
8.426562499999999289e+00 6.132239091103493855e+00
8.472250000000000725e+00 6.046800062731143122e+00
8.518062499999999204e+00 5.939292387074460500e+00
8.564000000000000057e+00 5.854355586397400835e+00
8.610062499999999730e+00 5.750901461848393126e+00
8.656250000000000000e+00 5.647376590657455786e+00
8.702562499999999091e+00 5.566956607660666911e+00
8.749000000000000554e+00 5.467349250354448742e+00
8.795562500000000838e+00 5.387349885498388780e+00
8.842250000000001720e+00 5.291598875406609892e+00
8.889062499999999645e+00 5.195856543236821778e+00
8.936000000000001720e+00 5.120019308990759299e+00
8.983062499999999062e+00 5.028001142625627473e+00
9.030250000000000554e+00 4.936114930589567074e+00
9.077562500000000867e+00 4.864155371981482290e+00
9.125000000000000000e+00 4.775861545614381143e+00
9.172562499999999730e+00 4.704217771150696947e+00
9.220250000000000057e+00 4.619461968787393680e+00
9.268062500000000981e+00 4.534864689066110621e+00
9.315999999999998948e+00 4.466816168270873355e+00
9.364062500000001066e+00 4.385630590300387155e+00
9.412249999999998451e+00 4.304684379216140222e+00
9.460562499999999986e+00 4.240001084375101925e+00
9.508999999999998565e+00 4.162341389510582523e+00
9.557562500000001293e+00 4.084986422942841422e+00
9.606249999999999289e+00 4.023457450130194957e+00
9.655062500000001435e+00 3.949266681489722153e+00
9.703999999999998849e+00 3.875431631523237996e+00
9.753062500000000412e+00 3.816863983080212464e+00
9.802249999999999019e+00 3.746073863874678445e+00
9.851562500000000000e+00 3.675678256586459192e+00
9.900999999999999801e+00 3.619894550786868059e+00
9.950562500000000199e+00 3.552427813813046509e+00
1.000024999999999942e+01 3.485384034995016922e+00
1.005006250000000101e+01 3.432219950209709936e+00
1.009999999999999964e+01 3.367988263858832099e+00
