# Energy [MeV] 	-	 Rate [MeV^-1 s^-1]
1.000000000000000056e-01 3.974102684527215104e-06
1.000624999999999987e-01 3.655055290833375151e-06
1.002500000000000058e-01 4.102737026732994329e-06
1.005624999999999991e-01 4.961424276261732353e-06
1.010000000000000064e-01 6.439600979213318038e-06
1.015625000000000000e-01 8.924413086731428074e-06
1.022500000000000075e-01 1.311995824639649539e-05
1.030625000000000013e-01 2.030211992198581732e-05
1.040000000000000091e-01 3.277516173796837258e-05
1.050625000000000031e-01 5.465873351796634195e-05
1.062500000000000111e-01 9.316539102524737164e-05
1.075625000000000053e-01 1.604852634860553541e-04
1.089999999999999997e-01 2.761443630678076747e-04
1.105625000000000080e-01 4.690574109521281673e-04
1.122500000000000026e-01 7.773555883785035524e-04
1.140625000000000111e-01 1.242803755651675137e-03
1.160000000000000059e-01 1.896544347188725476e-03
1.180625000000000147e-01 2.736125099107008900e-03
1.202499999999999958e-01 3.701311589430815018e-03
1.225625000000000048e-01 4.664644613755116950e-03
1.250000000000000000e-01 5.453259138449233212e-03
1.275624999999999953e-01 5.903606866337594156e-03
1.302500000000000047e-01 5.926000087945852701e-03
1.330625000000000002e-01 5.541924418254663698e-03
1.360000000000000098e-01 4.870919444916362896e-03
1.390625000000000056e-01 4.077148065941493642e-03
1.422500000000000153e-01 3.309940504481587945e-03
1.455625000000000113e-01 2.668985536828605461e-03
1.490000000000000213e-01 2.202681976249563130e-03
1.525624999999999898e-01 1.925111405912787723e-03
1.562500000000000000e-01 1.807073577382438487e-03
1.600624999999999964e-01 1.821670399420037903e-03
1.640000000000000069e-01 1.968911765979338823e-03
1.680625000000000036e-01 2.274425353213478055e-03
1.722500000000000142e-01 2.795599628722909846e-03
1.765625000000000111e-01 3.276859375316790255e-03
1.809999999999999942e-01 4.457899559675700292e-03
1.855625000000000191e-01 6.285160124295034907e-03
1.902500000000000024e-01 9.065004759280284249e-03
1.950625000000000275e-01 1.316970224361754642e-02
2.000000000000000111e-01 1.892761392762937547e-02
2.050625000000000364e-01 2.645442521543218267e-02
2.102499999999999925e-01 3.581408321403470318e-02
2.155624999999999902e-01 4.695395416190902699e-02
2.210000000000000020e-01 5.962177609622668767e-02
2.265625000000000278e-01 7.335940295157505897e-02
2.322500000000000120e-01 8.753692774641091967e-02
2.380625000000000380e-01 1.014265219401050688e-01
2.439999999999999947e-01 1.143039535052507993e-01
2.500624999999999654e-01 1.151268986394364813e-01
2.562499999999999778e-01 1.236411695187080717e-01
2.625625000000000320e-01 1.301658352450925649e-01
2.690000000000000169e-01 1.348210294544774090e-01
2.755625000000000435e-01 1.379646554839866757e-01
2.822500000000000009e-01 1.401543972148607820e-01
2.890625000000000000e-01 1.421092852756220271e-01
2.960000000000000409e-01 1.446922395142961060e-01
3.030625000000000124e-01 1.489197290569186094e-01
3.102500000000000258e-01 1.554923861553039743e-01
3.175624999999999698e-01 1.646058414765032285e-01
3.249999999999999556e-01 1.765781428622685834e-01
3.325624999999999831e-01 1.777090014790521644e-01
3.402500000000000524e-01 1.948367959993519416e-01
3.480625000000000524e-01 2.154773680972086325e-01
3.559999999999999831e-01 2.399705846645319163e-01
3.640625000000000666e-01 2.686048423640871041e-01
3.722500000000000808e-01 3.015483010165997957e-01
3.805625000000000258e-01 3.387547555974646518e-01
3.890000000000000124e-01 3.798434726644130954e-01
3.975625000000000409e-01 4.241984832425689800e-01
4.062500000000001110e-01 4.401317922982825315e-01
4.150625000000000009e-01 4.840257627275292851e-01
4.239999999999999325e-01 5.283047965054040729e-01
4.330624999999999059e-01 5.726681351007953946e-01
4.422500000000000320e-01 6.169226096082970345e-01
4.515624999999999778e-01 6.610136525918752781e-01
4.609999999999999654e-01 7.050541588883869615e-01
4.705624999999999947e-01 7.498145135377138892e-01
4.802500000000000657e-01 7.499858015717912885e-01
4.900625000000000675e-01 7.945571591473742368e-01
5.000000000000001110e-01 8.416996186661824808e-01
5.100625000000000853e-01 8.925188002940176446e-01
5.202500000000001013e-01 9.473796551810482747e-01
5.305625000000000480e-01 1.006405259983623734e+00
5.409999999999999254e-01 1.069675410501919499e+00
5.515624999999999556e-01 1.080013241307285154e+00
5.622499999999999165e-01 1.148966157553075851e+00
5.730625000000000302e-01 1.221912921718923073e+00
5.839999999999999636e-01 1.298626216257869004e+00
5.950625000000000497e-01 1.378752183959684574e+00
6.062500000000000666e-01 1.461805627471684410e+00
6.175625000000000142e-01 1.547460032072921265e+00
6.290000000000000036e-01 1.561627590837430857e+00
6.405625000000000346e-01 1.649284570254449633e+00
6.522500000000001075e-01 1.739269081938822126e+00
6.640625000000000000e-01 1.831482364896479753e+00
6.759999999999999343e-01 1.925828948079607805e+00
6.880624999999999103e-01 2.022220275790327371e+00
7.002499999999999281e-01 2.033008579004508043e+00
7.125624999999999876e-01 2.130803391762341903e+00
7.249999999999999778e-01 2.230604554105809711e+00
7.375625000000000098e-01 2.332414249108727855e+00
7.502499999999999725e-01 2.436264888196044698e+00
7.630624999999999769e-01 2.542224440338936020e+00
7.760000000000000231e-01 2.550484501543366811e+00
7.890625000000000000e-01 2.659062565974497971e+00
8.022500000000000187e-01 2.770407050479517075e+00
8.155624999999999680e-01 2.884696119766100075e+00
8.290000000000000702e-01 3.001868922640401394e+00
8.425625000000001030e-01 3.121808583026598249e+00
8.562500000000000666e-01 3.133007761782601541e+00
8.700625000000000719e-01 3.256604419369462544e+00
8.840000000000001190e-01 3.382765438381423628e+00
8.980625000000002078e-01 3.511323732781961304e+00
9.122500000000001164e-01 3.642089622016092765e+00
9.265625000000000666e-01 3.654237227477632022e+00
9.409999999999999476e-01 3.787851394873346322e+00
9.555624999999998703e-01 3.923328843662960086e+00
9.702499999999999458e-01 4.060429200573501873e+00
9.850624999999999520e-01 4.198888936930440074e+00
9.999999999999998890e-01 4.342323148030767577e+00
1.015062499999999979e+00 4.349682179454399389e+00
1.030250000000000110e+00 4.491153898125231692e+00
1.045562499999999950e+00 4.633830954494587040e+00
1.061000000000000165e+00 4.777470739171213232e+00
1.076562500000000089e+00 4.786045460191825640e+00
1.092250000000000165e+00 4.931522722407322590e+00
1.108062500000000172e+00 5.077657044184721080e+00
1.124000000000000110e+00 5.224186889400006528e+00
1.140062500000000201e+00 5.370836019593358657e+00
1.156250000000000222e+00 5.376621429089035509e+00
1.172562500000000174e+00 5.524430340114193427e+00
1.189000000000000279e+00 5.672092613385150806e+00
1.205562500000000092e+00 5.819338636676259391e+00
1.222250000000000281e+00 5.971738917410072567e+00
1.239062500000000178e+00 5.968255770868391430e+00
1.256000000000000227e+00 6.115607745242435556e+00
1.273062500000000208e+00 6.262091631168250849e+00
1.290250000000000341e+00 6.407390877312282740e+00
1.307562500000000405e+00 6.404619588297497224e+00
1.325000000000000400e+00 6.550276278328228230e+00
1.342562499999999881e+00 6.694502349683141063e+00
1.360250000000000181e+00 6.836990634668774547e+00
1.378062499999999968e+00 6.828599674671789188e+00
1.395999999999999908e+00 6.971100899721668576e+00
1.414062500000000000e+00 7.111716474247464781e+00
1.432249999999999801e+00 7.250165576986798754e+00
1.450562499999999977e+00 7.236255908985024021e+00
1.469000000000000083e+00 7.374702783950661811e+00
1.487562500000000121e+00 7.510974330360132178e+00
1.506250000000000089e+00 7.644828519545798784e+00
1.525062500000000210e+00 7.626213277525318190e+00
1.544000000000000039e+00 7.760196947446900140e+00
1.563062500000000021e+00 7.891530796918424073e+00
1.582250000000000156e+00 8.019824383765609355e+00
1.601562500000000222e+00 7.996385777338386625e+00
1.621000000000000218e+00 8.124185838332344645e+00
1.640562500000000146e+00 8.248634195966797478e+00
1.660250000000000448e+00 8.369332702151428549e+00
1.680062500000000236e+00 8.340499391360513215e+00
1.700000000000000400e+00 8.460186312126399599e+00
1.720062500000000272e+00 8.575853718371888590e+00
1.740250000000000519e+00 8.687102700922864074e+00
1.760562500000000252e+00 8.652644842423432792e+00
1.781000000000000361e+00 8.762528382074750155e+00
1.801562500000000400e+00 8.867787029165926427e+00
1.822250000000000369e+00 8.978233553220267282e+00
1.843062500000000048e+00 8.928130828755431736e+00
1.863999999999999879e+00 9.026863822533734094e+00
1.885062499999999863e+00 9.120454232113209159e+00
1.906250000000000000e+00 9.071975943768300965e+00
1.927562499999999845e+00 9.163847360500394501e+00
1.948999999999999844e+00 9.250515100069273799e+00
1.970562500000000217e+00 9.342513116365305237e+00
1.992250000000000076e+00 9.278866233257389240e+00
2.014062500000000089e+00 9.358580647443183409e+00
2.036000000000000032e+00 9.433047460999828715e+00
2.058062500000000128e+00 9.373910618132647699e+00
2.080249999999999932e+00 9.448501316155285323e+00
2.102562499999999890e+00 9.518358740135417051e+00
2.125000000000000444e+00 9.454781117342129448e+00
2.147562500000000263e+00 9.524601949871630779e+00
2.170250000000000234e+00 9.589517261992190456e+00
2.193062500000000359e+00 9.649123360853264941e+00
2.216000000000000192e+00 9.586069425902582708e+00
2.239062500000000178e+00 9.645553268629145194e+00
2.262250000000000316e+00 9.699577073737090771e+00
2.285562500000000608e+00 9.632049117966872132e+00
2.309000000000000608e+00 9.685680955036954032e+00
2.332562500000000316e+00 9.733717703596864723e+00
2.356250000000000178e+00 9.661888546696900448e+00
2.380062500000000192e+00 9.709323805641714600e+00
2.403999999999999915e+00 9.751048066852925800e+00
2.428062499999999790e+00 9.675155991495646646e+00
2.452249999999999819e+00 9.716132100604637500e+00
2.476562500000000000e+00 9.751303209767927527e+00
2.500999999999999890e+00 9.671655177166528006e+00
2.525562499999999932e+00 9.705996229220298588e+00
2.550250000000000128e+00 9.734462269858630279e+00
2.575062500000000032e+00 9.651435491724200233e+00
2.600000000000000089e+00 9.679055321315056304e+00
2.625062500000000743e+00 9.700755456940534316e+00
2.650250000000000217e+00 9.614797356904235315e+00
2.675562500000000288e+00 9.635700882436067261e+00
2.701000000000000068e+00 9.650665907642327568e+00
2.726562500000000000e+00 9.562292561552373726e+00
2.752250000000000085e+00 9.576575314476970746e+00
2.778062499999999879e+00 9.584926368916054429e+00
2.804000000000000270e+00 9.494719579616662131e+00
2.830062499999999481e+00 9.502565418995731150e+00
2.856250000000000178e+00 9.504510884190215947e+00
2.882562500000000139e+00 9.413114109829672671e+00
2.909000000000000252e+00 9.414791196075432467e+00
2.935562499999999631e+00 9.410621869935985373e+00
2.962250000000000050e+00 9.318735291774871143e+00
2.989062499999999734e+00 9.314590465644974060e+00
3.016000000000000458e+00 9.304671110892220653e+00
3.043062500000000004e+00 9.213008327438005907e+00
3.070250000000000590e+00 9.203326875614450842e+00
3.097562499999999996e+00 9.199898008180049658e+00
3.125000000000000444e+00 9.096739580912363010e+00
3.152562500000000156e+00 9.081484067065021648e+00
3.180250000000000465e+00 8.985354511054689297e+00
3.208062500000000039e+00 8.970130754428192077e+00
3.236000000000000654e+00 8.949276245571592625e+00
3.264062500000000089e+00 8.854209436983436987e+00
3.292250000000001009e+00 8.833467147863514057e+00
3.320562499999999861e+00 8.818780838126279775e+00
3.349000000000000643e+00 8.713357887720924566e+00
3.377562500000000245e+00 8.687139913249056988e+00
3.406250000000000444e+00 8.589403125265018701e+00
3.435062500000000352e+00 8.563256760410917323e+00
3.463999999999999968e+00 8.531639280095017597e+00
3.493062500000000181e+00 8.435846718965855473e+00
3.522249999999999659e+00 8.404457165731805901e+00
3.551562500000000622e+00 8.305359886773759470e+00
3.580999999999999961e+00 8.274096646342938399e+00
3.610562500000000341e+00 8.237595020181599281e+00
3.640249999999999986e+00 8.141020576935957820e+00
3.670062500000000227e+00 8.104839668651322881e+00
3.699999999999999734e+00 8.074395480047064311e+00
3.730062500000000281e+00 7.969753029676756917e+00
3.760250000000000092e+00 7.928829534465311468e+00
3.790562500000000501e+00 7.832789014708220421e+00
3.821000000000000174e+00 7.792350126367608709e+00
3.851562500000000888e+00 7.694384400718523587e+00
3.882249999999999979e+00 7.654401855983557823e+00
3.913062500000000998e+00 7.609651342440407973e+00
3.944000000000000394e+00 7.515426055972485031e+00
3.975062500000000387e+00 7.471378488347490077e+00
4.006249999999999645e+00 7.375846766254845477e+00
4.037562500000000831e+00 7.332490111081432893e+00
4.068999999999999950e+00 7.284557663257587024e+00
4.100562500000000554e+00 7.193276772000707808e+00
4.132249999999999979e+00 7.146147390083754658e+00
4.164062500000000000e+00 7.053919547663743295e+00
4.195999999999999730e+00 7.007494348389321281e+00
4.228062499999999169e+00 6.914587741011931854e+00
4.260250000000000092e+00 6.868783955664991225e+00
4.292562499999998948e+00 6.818660552175582978e+00
4.325000000000000178e+00 6.730191917078305330e+00
4.357562499999999339e+00 6.680796342516032382e+00
4.390249999999999986e+00 6.591885450083577069e+00
4.423062499999999453e+00 6.543152390287899856e+00
4.456000000000000405e+00 6.454024250967721699e+00
4.489062499999999289e+00 6.405900718193968224e+00
4.522249999999999659e+00 6.362659959401374188e+00
4.555562499999999737e+00 6.269205192805025639e+00
4.589000000000000412e+00 6.217718548348850405e+00
4.622562499999999019e+00 6.133222244763419262e+00
4.656250000000000000e+00 6.082424407220593743e+00
4.690062499999999801e+00 5.998101425153579136e+00
4.724000000000000199e+00 5.947960789404604931e+00
4.758062499999999417e+00 5.863985828971797432e+00
4.792250000000000121e+00 5.814478932960813751e+00
4.826562499999999645e+00 5.731012410599846341e+00
4.861000000000000654e+00 5.682122923183234420e+00
4.895562499999999595e+00 5.637672669180314955e+00
4.930250000000000909e+00 5.551030013451790701e+00
4.965062500000000156e+00 5.499280065043678611e+00
5.000000000000000888e+00 5.421330868769928202e+00
5.035062500000000441e+00 5.370310822557534891e+00
5.070249999999998813e+00 5.293138389014590217e+00
5.105562499999999559e+00 5.242817773756646815e+00
5.141000000000000014e+00 5.166514996958664341e+00
5.176562500000000178e+00 5.116859067952238327e+00
5.212249999999999162e+00 5.041508976415562948e+00
5.248062499999999631e+00 4.992488282108723752e+00
5.283999999999998920e+00 4.918166265632271106e+00
5.320062499999999694e+00 4.869756063783146516e+00
5.356249999999999289e+00 4.796530550574391150e+00
5.392562500000000369e+00 4.748710273351789191e+00
5.428999999999998494e+00 4.676643324512204103e+00
5.465562500000000767e+00 4.629396086776876196e+00
5.502249999999999197e+00 4.558543917162302783e+00
5.539062500000000000e+00 4.511856063830090413e+00
5.575999999999999623e+00 4.442269504181068029e+00
5.613062500000000732e+00 4.396130192362867284e+00
5.650249999999999773e+00 4.327855095463396751e+00
5.687562500000000298e+00 4.282255908170438552e+00
5.724999999999999645e+00 4.240078936192183789e+00
5.762562500000001364e+00 4.170268102164239821e+00
5.800250000000000128e+00 4.104735360914711251e+00
5.838062500000000377e+00 4.060199113504482149e+00
5.875999999999999446e+00 3.996088981297098552e+00
5.914062500000000888e+00 3.952078715171214451e+00
5.952249999999999375e+00 3.889420416605643638e+00
5.990562500000000234e+00 3.845934092429497131e+00
6.028999999999999915e+00 3.784753032401649175e+00
6.067562499999999304e+00 3.741785646058677806e+00
6.106250000000000178e+00 3.682093157880909740e+00
6.145062499999998984e+00 3.639627637187409448e+00
6.184000000000000163e+00 3.581425883464921078e+00
6.223062499999999275e+00 3.539445274566971111e+00
6.262249999999999872e+00 3.482734906023680743e+00
6.301562499999999289e+00 3.441223680727181211e+00
6.341000000000001080e+00 3.386003993402816103e+00
6.380562499999999915e+00 3.344947847106300998e+00
6.420250000000000234e+00 3.291216914246368308e+00
6.460062499999999375e+00 3.250602574203965034e+00
6.500000000000000888e+00 3.198357367535653140e+00
6.540062499999999446e+00 3.158172409962975991e+00
6.580250000000000377e+00 3.107408909381673912e+00
6.620562500000000128e+00 3.072188046586975751e+00
6.661000000000001364e+00 3.018354882923489413e+00
6.701562499999999645e+00 2.968176264602651493e+00
6.742250000000000298e+00 2.931178345749442471e+00
6.783062499999999773e+00 2.882494568025441239e+00
6.824000000000000732e+00 2.845861999129364772e+00
6.865062499999999623e+00 2.798663333745036397e+00
6.906250000000000888e+00 2.762388120158442817e+00
6.947562500000000085e+00 2.716664377982558776e+00
6.989000000000000767e+00 2.680738491171648086e+00
7.030562500000000270e+00 2.636478984968285033e+00
7.072249999999999481e+00 2.604774645850487236e+00
7.114062499999999289e+00 2.558082927678477336e+00
7.155999999999998806e+00 2.514677455574328757e+00
7.198062500000000696e+00 2.481444895027135722e+00
7.240249999999998742e+00 2.439473305117899393e+00
7.282562500000000050e+00 2.406533460454196138e+00
7.324999999999999289e+00 2.365976967965961908e+00
7.367562500000000902e+00 2.333317552665965078e+00
7.410249999999998671e+00 2.294157817693061485e+00
7.453062499999999702e+00 2.254573079884929498e+00
7.495999999999998664e+00 2.223985535964867477e+00
7.539062500000000888e+00 2.185772930938262970e+00
7.582250000000000156e+00 2.155430023311887933e+00
7.625562500000000021e+00 2.118570641272007116e+00
7.668999999999999595e+00 2.088461312202826825e+00
7.712562500000000654e+00 2.052936814512893449e+00
7.756249999999999645e+00 2.017104419207326860e+00
7.800062500000001009e+00 1.988842140141575232e+00
7.843999999999999417e+00 1.954314293651998824e+00
7.888062500000001087e+00 1.926257310420648849e+00
7.932249999999999801e+00 1.893015619991339937e+00
7.976562500000001776e+00 1.859559746571291416e+00
8.021000000000000796e+00 1.833179665754364196e+00
8.065562500000000412e+00 1.800975997173729581e+00
8.110249999999998849e+00 1.774775173692979102e+00
8.155062499999999659e+00 1.743802313269011695e+00
8.200000000000001066e+00 1.712682194452980866e+00
8.245062499999999517e+00 1.688003253400026438e+00
8.290250000000000341e+00 1.658073468621338753e+00
8.335562499999999986e+00 1.633543825479950362e+00
8.381000000000000227e+00 1.604783809014112439e+00
8.426562499999999289e+00 1.575924479091528108e+00
8.472250000000000725e+00 1.552779709664553920e+00
8.518062499999999204e+00 1.525049846031645284e+00
8.564000000000000057e+00 1.502027965903878881e+00
8.610062499999999730e+00 1.475408490092647851e+00
8.656250000000000000e+00 1.448724006305879719e+00
8.702562499999999091e+00 1.426968522621469004e+00
8.749000000000000554e+00 1.401354759795095939e+00
8.795562500000000838e+00 1.381792008418659679e+00
8.842250000000001720e+00 1.355137600573045553e+00
8.889062499999999645e+00 1.330535529515566529e+00
8.936000000000001720e+00 1.310041923729760249e+00
8.983062499999999062e+00 1.286454322181713517e+00
9.030250000000000554e+00 1.262862216205833610e+00
9.077562500000000867e+00 1.243448015025516051e+00
9.125000000000000000e+00 1.220832434146881029e+00
9.172562499999999730e+00 1.203316890429851016e+00
9.220250000000000057e+00 1.179832730939044394e+00
9.268062500000000981e+00 1.158182269818366583e+00
9.315999999999998948e+00 1.139834605091983644e+00
9.364062500000001066e+00 1.119108770688763910e+00
9.412249999999998451e+00 1.098411565607854135e+00
9.460562499999999986e+00 1.080994294251317100e+00
9.508999999999998565e+00 1.061186071554673926e+00
9.557562500000001293e+00 1.041426260297474427e+00
9.606249999999999289e+00 1.024878302734584468e+00
9.655062500000001435e+00 1.005972789158152469e+00
9.703999999999998849e+00 9.871313262697225532e-01
9.753062500000000412e+00 9.713969530861655821e-01
9.802249999999999019e+00 9.533761021810533975e-01
9.851562500000000000e+00 9.354314329946312734e-01
9.900999999999999801e+00 9.204595814198626158e-01
9.950562500000000199e+00 9.033028729848091576e-01
1.000024999999999942e+01 8.862315039746768708e-01
1.005006250000000101e+01 8.719750413668677647e-01
1.009999999999999964e+01 8.556590073658472129e-01
