0.000000000000000000e+00
9.877999999999999281e-02
2.020500000000000074e-01
3.008300000000000418e-01
3.996100000000000207e-01
4.983900000000000552e-01
6.016600000000000836e-01
7.004399999999999515e-01
7.992200000000000415e-01
8.980000000000000204e-01
1.001270000000000104e+00
1.100049999999999972e+00
1.198830000000000062e+00
1.302100000000000035e+00
1.400879999999999903e+00
1.499659999999999993e+00
1.598440000000000083e+00
1.701710000000000056e+00
1.800490000000000146e+00
1.899270000000000014e+00
1.998049999999999882e+00
2.101320000000000299e+00
2.200099999999999945e+00
2.298880000000000035e+00
2.402150000000000230e+00
2.500930000000000319e+00
2.599710000000000409e+00
2.698490000000000055e+00
2.801759999999999806e+00
2.900539999999999896e+00
2.999319999999999986e+00
3.098100000000000520e+00
3.201370000000000271e+00
3.300149999999999917e+00
3.398930000000000007e+00
3.502200000000000202e+00
3.600980000000000292e+00
3.699760000000000382e+00
3.798540000000000028e+00
3.901810000000000223e+00
4.000589999999999868e+00
4.099370000000000402e+00
4.198150000000000048e+00
4.301420000000000243e+00
4.400199999999999889e+00
4.498980000000000423e+00
4.597760000000000069e+00
4.701030000000000264e+00
4.799809999999999910e+00
4.898590000000000444e+00
5.001860000000000639e+00
5.100640000000000285e+00
5.199420000000000819e+00
5.298200000000000465e+00
5.401470000000000660e+00
5.500250000000000306e+00
5.599030000000000840e+00
5.697810000000000485e+00
5.801079999999999792e+00
5.899860000000000326e+00
5.998639999999999972e+00
6.101910000000000167e+00
6.200689999999999813e+00
6.299470000000000347e+00
6.398249999999999993e+00
6.501520000000000188e+00
6.600299999999999834e+00
6.699080000000000368e+00
6.797860000000000014e+00
6.901130000000000209e+00
6.999910000000000743e+00
7.098690000000000389e+00
7.201960000000000583e+00
7.300740000000000229e+00
7.399520000000000763e+00
7.498300000000000409e+00
7.601570000000000604e+00
7.700350000000001138e+00
7.799130000000000784e+00
7.897910000000001318e+00
8.001179999999999737e+00
8.099959999999999383e+00
8.198740000000000805e+00
8.302010000000001000e+00
8.400790000000000646e+00
8.499570000000000292e+00
8.598350000000001714e+00
8.701620000000000132e+00
8.800399999999999778e+00
8.899179999999999424e+00
8.997960000000000846e+00
9.101229999999999265e+00
9.200009999999998911e+00
9.298790000000000333e+00
9.402060000000000528e+00
9.500840000000000174e+00
9.599619999999999820e+00
9.698400000000001242e+00
9.801669999999999661e+00
9.900449999999999307e+00
9.999230000000000729e+00
1.009801000000000037e+01
1.020128000000000057e+01
1.030006000000000022e+01
1.039884000000000164e+01
1.050211000000000006e+01
1.060088999999999970e+01
1.069966999999999935e+01
1.079845000000000077e+01
1.090172000000000097e+01
1.100050000000000061e+01
1.109928000000000203e+01
1.119806000000000168e+01
1.130133000000000010e+01
1.140010999999999974e+01
1.149889000000000117e+01
1.160215999999999958e+01
1.170093999999999923e+01
1.179972000000000065e+01
1.189850000000000030e+01
1.200177000000000049e+01
1.210055000000000014e+01
1.219933000000000156e+01
1.229811000000000121e+01
1.240137999999999963e+01
1.250015999999999927e+01
1.259894000000000069e+01
1.270221000000000089e+01
1.280099000000000053e+01
1.289977000000000196e+01
1.299855000000000160e+01
1.310182000000000002e+01
1.320059999999999967e+01
1.329938000000000109e+01
1.339816000000000074e+01
1.350142999999999915e+01
1.360021000000000058e+01
1.369899000000000200e+01
1.379777000000000164e+01
1.390104000000000006e+01
1.399982000000000149e+01
1.409860000000000113e+01
1.420186999999999955e+01
1.430064999999999920e+01
1.439943000000000062e+01
1.449821000000000026e+01
1.460148000000000046e+01
1.470026000000000188e+01
1.479904000000000153e+01
1.489782000000000117e+01
1.500108999999999959e+01
1.509987000000000101e+01
1.519865000000000066e+01
1.530192000000000085e+01
1.540070000000000228e+01
1.549948000000000192e+01
1.559826000000000157e+01
1.570153000000000176e+01
1.580031000000000141e+01
1.589909000000000106e+01
1.599787000000000070e+01
1.610114000000000090e+01
1.619991999999999877e+01
1.629870000000000019e+01
1.640197000000000216e+01
1.650075000000000003e+01
1.659953000000000145e+01
1.669830999999999932e+01
1.680158000000000129e+01
1.690035999999999916e+01
1.699914000000000058e+01
1.709791999999999845e+01
1.720119000000000042e+01
1.729997000000000185e+01
1.739874999999999972e+01
1.750202000000000169e+01
1.760079999999999956e+01
1.769958000000000098e+01
1.779835999999999885e+01
1.790163000000000082e+01
1.800041000000000224e+01
1.809919000000000011e+01
1.819797000000000153e+01
1.830123999999999995e+01
1.840001999999999782e+01
1.849879999999999924e+01
1.860207000000000122e+01
1.870085000000000264e+01
1.879963000000000051e+01
1.889841000000000193e+01
1.900168000000000035e+01
1.910045999999999822e+01
1.919923999999999964e+01
1.929802000000000106e+01
1.940129000000000303e+01
1.950007000000000090e+01
1.959885000000000232e+01
1.970212000000000074e+01
1.980089999999999861e+01
1.989968000000000004e+01
1.999846000000000146e+01
2.010173000000000343e+01
2.020051000000000130e+01
2.029929000000000272e+01
2.039807000000000059e+01
2.050133999999999901e+01
2.060012000000000043e+01
2.069889999999999830e+01
2.080217000000000027e+01
2.090095000000000169e+01
2.099972999999999956e+01
2.109851000000000099e+01
2.120177999999999940e+01
2.130056000000000083e+01
2.139933999999999870e+01
2.149812000000000367e+01
2.160139000000000209e+01
2.170016999999999996e+01
2.179895000000000138e+01
2.190221999999999980e+01
2.200100000000000122e+01
2.209977999999999909e+01
2.219856000000000407e+01
2.230183000000000249e+01
2.240061000000000035e+01
2.249939000000000178e+01
2.259816999999999965e+01
2.270143999999999807e+01
2.280021999999999949e+01
2.289900000000000091e+01
2.299778000000000233e+01
2.310105000000000075e+01
2.319983000000000217e+01
2.329861000000000004e+01
2.340187999999999846e+01
2.350065999999999988e+01
2.359944000000000131e+01
2.369822000000000273e+01
2.380149000000000115e+01
2.390027000000000257e+01
2.399905000000000044e+01
2.409783000000000186e+01
2.420110000000000028e+01
2.429988000000000170e+01
2.439866000000000312e+01
2.450193000000000154e+01
2.460071000000000296e+01
2.469949000000000083e+01
2.479827000000000226e+01
2.490154000000000067e+01
2.500031999999999854e+01
2.509910000000000352e+01
2.519788000000000139e+01
2.530114999999999981e+01
2.539993000000000123e+01
2.549870999999999910e+01
2.560198000000000107e+01
2.570075999999999894e+01
2.579954000000000391e+01
2.589832000000000178e+01
2.600159000000000020e+01
2.610037000000000162e+01
2.619914999999999949e+01
2.629793000000000092e+01
2.640119999999999933e+01
2.649998000000000431e+01
2.659876000000000218e+01
2.670203000000000060e+01
2.680081000000000202e+01
2.689958999999999989e+01
2.699837000000000131e+01
2.710163999999999973e+01
2.720042000000000115e+01
2.729920000000000258e+01
2.739798000000000400e+01
2.750125000000000242e+01
2.760003000000000029e+01
2.769881000000000171e+01
2.780208000000000013e+01
2.790086000000000155e+01
2.799964000000000297e+01
2.809842000000000084e+01
2.820169000000000281e+01
2.830047000000000068e+01
2.839925000000000210e+01
2.849802999999999997e+01
2.860129999999999839e+01
2.870008000000000337e+01
2.879886000000000124e+01
2.890213000000000321e+01
2.900091000000000108e+01
2.909969000000000250e+01
2.919847000000000037e+01
2.930173999999999879e+01
2.940052000000000376e+01
2.949930000000000163e+01
2.959808000000000305e+01
2.970135000000000147e+01
2.980012999999999934e+01
2.989891000000000076e+01
3.000217999999999918e+01
3.010096000000000416e+01
3.019974000000000203e+01
3.029852000000000345e+01
3.040179000000000187e+01
3.050056999999999974e+01
3.059935000000000116e+01
3.069812999999999903e+01
3.080140000000000455e+01
3.090018000000000242e+01
3.099896000000000384e+01
3.110223000000000226e+01
3.120101000000000013e+01
3.129979000000000156e+01
3.139856999999999942e+01
3.150184000000000140e+01
3.160062000000000282e+01
3.169940000000000424e+01
3.179818000000000211e+01
3.190145000000000408e+01
3.200023000000000195e+01
3.209901000000000693e+01
3.219779000000000480e+01
3.230105999999999966e+01
3.239983999999999753e+01
3.249861999999999540e+01
3.260189000000000448e+01
3.270067000000000235e+01
3.279945000000000022e+01
3.289822999999999809e+01
3.300150000000000006e+01
3.310028000000000503e+01
3.319906000000000290e+01
3.329784000000000077e+01
3.340111000000000274e+01
3.349989000000000772e+01
3.359867000000000559e+01
3.370194000000000045e+01
3.380071999999999832e+01
3.389949999999999619e+01
3.399828000000000117e+01
3.410155000000000314e+01
3.420033000000000101e+01
3.429910999999999888e+01
3.439789000000000385e+01
3.450116000000000582e+01
3.459994000000000369e+01
3.469872000000000156e+01
3.480199000000000353e+01
3.490077000000000140e+01
3.499955000000000638e+01
3.509833000000000425e+01
3.520159999999999911e+01
3.530037999999999698e+01
3.539916000000000196e+01
3.549793999999999983e+01
3.560121000000000180e+01
3.569998999999999967e+01
3.579876999999999754e+01
3.590204000000000661e+01
3.600082000000000448e+01
3.609960000000000235e+01
3.619838000000000022e+01
3.630165000000000219e+01
3.640043000000000717e+01
3.649921000000000504e+01
3.659799000000000291e+01
3.670125999999999777e+01
3.680003999999999564e+01
3.689882000000000062e+01
3.700209000000000259e+01
3.710087000000000046e+01
3.719964999999999833e+01
3.729843000000000330e+01
3.740170000000000528e+01
3.750048000000000314e+01
3.759926000000000101e+01
3.769803999999999888e+01
3.780131000000000796e+01
3.790009000000000583e+01
3.799887000000000370e+01
3.810213999999999857e+01
3.820091999999999643e+01
3.829970000000000141e+01
3.839847999999999928e+01
3.850175000000000125e+01
3.860052999999999912e+01
3.869931000000000409e+01
3.879809000000000196e+01
3.890136000000000394e+01
3.900014000000000181e+01
3.909891999999999967e+01
3.920219000000000165e+01
3.930097000000000662e+01
3.939975000000000449e+01
3.949853000000000236e+01
3.960179999999999723e+01
3.970058000000000220e+01
3.979936000000000007e+01
3.989813999999999794e+01
4.000140999999999991e+01
4.010018999999999778e+01
4.019897000000000276e+01
4.030224000000000473e+01
4.040102000000000260e+01
4.049980000000000047e+01
4.059858000000000544e+01
4.070185000000000741e+01
4.080063000000000528e+01
4.089941000000000315e+01
4.099819000000000102e+01
4.110145999999999589e+01
4.120024000000000086e+01
4.129901999999999873e+01
4.139779999999999660e+01
4.150106999999999857e+01
4.159985000000000355e+01
4.169863000000000142e+01
4.180190000000000339e+01
4.190068000000000126e+01
4.199945999999999913e+01
4.209824000000000410e+01
4.220151000000000607e+01
4.230029000000000394e+01
4.239907000000000181e+01
4.249785000000000679e+01
4.260112000000000165e+01
4.269989999999999952e+01
4.279867999999999739e+01
4.290194999999999936e+01
4.300073000000000434e+01
4.309951000000000221e+01
4.319829000000000008e+01
4.330156000000000205e+01
4.340033999999999992e+01
4.349912000000000489e+01
4.359790000000000276e+01
4.370117000000000473e+01
4.379995000000000260e+01
4.389873000000000047e+01
4.400200000000000244e+01
4.410078000000000031e+01
4.419955999999999818e+01
4.429834000000000316e+01
4.440160999999999802e+01
4.450039000000000300e+01
4.459917000000000087e+01
4.469794999999999874e+01
4.480122000000000071e+01
4.490000000000000568e+01
4.499878000000000355e+01
4.510205000000000553e+01
4.520083000000000339e+01
4.529961000000000126e+01
4.539839000000000624e+01
4.550166000000000111e+01
4.560043999999999897e+01
4.569921999999999684e+01
4.579800000000000182e+01
4.590127000000000379e+01
4.600005000000000166e+01
4.609882999999999953e+01
4.620210000000000150e+01
4.630087999999999937e+01
4.639966000000000435e+01
4.649844000000000221e+01
4.660171000000000419e+01
4.670049000000000206e+01
4.679927000000000703e+01
4.689805000000000490e+01
4.700131999999999977e+01
4.710009999999999764e+01
4.719888000000000261e+01
4.730215000000000458e+01
4.740093000000000245e+01
4.749971000000000032e+01
4.759848999999999819e+01
4.770176000000000016e+01
4.780054000000000514e+01
4.789932000000000301e+01
4.799810000000000088e+01
4.810137000000000285e+01
4.820015000000000072e+01
4.829893000000000569e+01
4.840220000000000056e+01
4.850097999999999843e+01
4.859976000000000340e+01
4.869854000000000838e+01
4.880181000000000324e+01
4.890059000000000111e+01
4.899936999999999898e+01
4.909814999999999685e+01
4.920142000000000593e+01
4.930020000000000380e+01
4.939898000000000167e+01
4.949775999999999954e+01
4.960103000000000151e+01
4.969981000000000648e+01
4.979859000000000435e+01
4.990185999999999922e+01
5.000063999999999709e+01
5.009942000000000917e+01
5.019820000000000704e+01
5.030147000000000190e+01
5.040024999999999977e+01
5.049902999999999764e+01
5.059781000000000262e+01
5.070108000000000459e+01
5.079986000000000246e+01
5.089864000000000033e+01
5.100191000000000230e+01
5.110069000000000727e+01
5.119947000000000514e+01
5.129825000000000301e+01
5.140151999999999788e+01
5.150030000000000285e+01
5.159908000000000783e+01
5.169786000000000570e+01
5.180113000000000056e+01
5.189990999999999843e+01
5.199869000000000341e+01
5.210196000000000538e+01
5.220074000000000325e+01
5.229952000000000112e+01
5.239829999999999899e+01
5.250157000000000096e+01
5.260035000000000593e+01
5.269913000000000380e+01
5.279791000000000167e+01
5.290117999999999654e+01
5.299996000000000862e+01
5.309874000000000649e+01
5.320201000000000136e+01
5.330078999999999922e+01
5.339956999999999709e+01
5.349835000000000207e+01
5.360162000000000404e+01
5.370040000000000191e+01
5.379917999999999978e+01
5.389796000000000475e+01
5.400123000000000673e+01
5.410001000000000460e+01
5.419879000000000246e+01
5.430205999999999733e+01
5.440084000000000231e+01
5.449962000000000728e+01
5.459840000000000515e+01
5.470167000000000002e+01
5.480044999999999789e+01
5.489923000000000286e+01
5.499801000000000073e+01
5.510128000000000270e+01
5.520006000000000057e+01
5.529883999999999844e+01
5.540211000000000752e+01
5.550089000000000539e+01
5.559967000000000326e+01
5.569845000000000113e+01
5.580172000000000310e+01
5.590050000000000807e+01
5.599928000000000594e+01
5.609806000000000381e+01
5.620132999999999868e+01
5.630011000000000365e+01
5.639889000000000152e+01
5.650216000000000349e+01
5.660094000000000136e+01
5.669971999999999923e+01
5.679850000000000421e+01
5.690177000000000618e+01
5.700055000000000405e+01
5.709933000000000192e+01
5.719811000000000689e+01
5.730138000000000886e+01
5.740016000000000673e+01
5.749894000000000460e+01
5.760220999999999947e+01
5.770098999999999734e+01
5.779977000000000231e+01
5.789855000000000018e+01
5.800182000000000215e+01
5.810060000000000002e+01
5.819938000000000500e+01
5.829816000000000287e+01
5.840143000000000484e+01
5.850021000000000271e+01
5.859899000000000058e+01
5.869777000000000555e+01
5.880104000000000752e+01
5.889982000000000539e+01
5.899860000000000326e+01
5.910186999999999813e+01
5.920065000000000310e+01
5.929943000000000097e+01
5.939820999999999884e+01
5.950148000000000081e+01
5.960025999999999868e+01
5.969904000000000366e+01
5.979782000000000153e+01
5.990109000000000350e+01
5.999987000000000137e+01
6.009865000000000634e+01
6.020192000000000832e+01
6.030070000000000618e+01
6.039948000000000405e+01
6.049826000000000192e+01
6.060153000000000389e+01
6.070031000000000176e+01
6.079908999999999963e+01
6.089786999999999750e+01
6.100113999999999947e+01
6.109992000000000445e+01
6.119870000000000232e+01
6.130197000000000429e+01
6.140075000000000216e+01
6.149953000000000713e+01
6.159831000000000500e+01
6.170158000000000698e+01
6.180036000000000485e+01
6.189914000000000271e+01
6.199792000000000769e+01
6.210119000000000256e+01
6.219997000000000043e+01
6.229874999999999829e+01
6.240202000000000027e+01
6.250080000000001235e+01
6.259958000000000311e+01
6.269836000000000809e+01
6.280162999999999585e+01
6.290041000000000082e+01
6.299918999999999869e+01
6.309797000000000367e+01
6.320124000000000564e+01
6.330001999999999640e+01
6.339880000000000848e+01
6.350207000000001045e+01
6.360085000000000122e+01
6.369963000000000619e+01
6.379840999999999696e+01
6.390167999999999893e+01
6.400046000000000390e+01
6.409924000000000888e+01
6.419802000000001385e+01
6.430128999999999451e+01
6.440006999999999948e+01
6.449884999999999025e+01
6.460211999999999932e+01
6.470090000000000430e+01
6.479967999999999506e+01
6.489846000000000004e+01
6.500173000000000911e+01
6.510050999999999988e+01
6.519929000000000485e+01
6.529806999999999562e+01
6.540134000000000469e+01
6.550012000000000967e+01
6.559890000000000043e+01
6.570217000000000951e+01
6.580095000000000027e+01
6.589973000000000525e+01
6.599850999999999601e+01
6.610178000000000509e+01
6.620056000000001006e+01
6.629934000000000083e+01
6.639812000000000580e+01
6.650139000000000067e+01
6.660017000000000564e+01
6.669895000000001062e+01
6.680222000000000548e+01
6.690099999999999625e+01
6.699978000000001543e+01
6.709856000000000620e+01
6.720183000000000106e+01
6.730060999999999183e+01
6.739938999999999680e+01
6.749817000000000178e+01
6.760143999999999664e+01
6.770022000000000162e+01
6.779899999999999238e+01
6.789778000000001157e+01
6.800105000000000643e+01
6.809982999999999720e+01
6.819861000000000217e+01
6.830188000000001125e+01
6.840066000000000201e+01
6.849944000000000699e+01
6.859821999999999775e+01
6.870149000000000683e+01
6.880026999999999759e+01
6.889905000000000257e+01
6.899783000000000754e+01
6.910110000000000241e+01
6.919988000000000739e+01
6.929865999999999815e+01
6.940193000000000723e+01
6.950071000000001220e+01
6.959949000000000296e+01
6.969827000000000794e+01
6.980154000000000281e+01
6.990032000000000778e+01
6.999910000000001276e+01
7.009788000000000352e+01
7.020114999999999839e+01
7.029993000000000336e+01
7.039871000000000834e+01
7.050198000000000320e+01
7.060075999999999397e+01
7.069953999999999894e+01
7.079832000000000392e+01
7.090158999999999878e+01
7.100037000000000376e+01
7.109914999999999452e+01
7.119792999999999950e+01
7.130120000000000857e+01
7.139997999999999934e+01
7.149876000000000431e+01
7.160202999999999918e+01
7.170081000000000415e+01
7.179958999999999492e+01
7.189836999999999989e+01
7.200164000000000897e+01
7.210041999999999973e+01
7.219920000000000471e+01
7.229797999999999547e+01
7.240125000000000455e+01
7.250003000000000952e+01
7.259881000000000029e+01
7.270207999999999515e+01
7.280086000000001434e+01
7.289964000000000510e+01
7.299842000000001008e+01
7.310168999999999073e+01
7.320047000000000992e+01
7.329925000000001489e+01
7.339803000000000566e+01
7.350130000000000052e+01
7.360007999999999129e+01
7.369886000000001047e+01
7.380213000000000534e+01
7.390090999999999610e+01
7.399969000000000108e+01
7.409847000000000605e+01
7.420174000000000092e+01
7.430052000000000589e+01
7.439929999999999666e+01
7.449808000000000163e+01
7.460134999999999650e+01
7.470013000000000147e+01
7.479891000000000645e+01
7.490218000000000131e+01
7.500096000000000629e+01
7.509973999999999705e+01
7.519852000000000203e+01
7.530179000000001110e+01
7.540057000000000187e+01
7.549935000000000684e+01
7.559812999999999761e+01
7.570140000000000668e+01
7.580018000000001166e+01
7.589896000000000242e+01
7.600222999999999729e+01
7.610101000000000226e+01
7.619979000000000724e+01
7.629857000000001221e+01
7.640183999999999287e+01
7.650062000000001206e+01
7.659940000000000282e+01
7.669818000000000779e+01
7.680145000000000266e+01
7.690022999999999342e+01
7.699901000000001261e+01
7.709779000000000337e+01
7.720105999999999824e+01
7.729984000000000322e+01
7.739862000000000819e+01
7.750189000000000306e+01
7.760067000000000803e+01
7.769944999999999879e+01
7.779823000000000377e+01
7.790149999999999864e+01
7.800028000000000361e+01
7.809905999999999437e+01
7.819783999999999935e+01
7.830111000000000843e+01
7.839988999999999919e+01
7.849867000000000417e+01
7.860194000000001324e+01
7.870072000000000401e+01
7.879950000000000898e+01
7.889827999999999975e+01
7.900155000000000882e+01
7.910033000000001380e+01
7.919911000000000456e+01
7.929789000000000954e+01
7.940116000000000440e+01
7.949994000000000938e+01
7.959872000000000014e+01
7.970198999999999501e+01
7.980076999999999998e+01
7.989955000000000496e+01
7.999833000000000993e+01
8.010160000000000480e+01
8.020037999999999556e+01
8.029916000000001475e+01
8.039794000000000551e+01
8.050121000000000038e+01
8.059999000000000535e+01
8.069876999999999612e+01
8.080204000000000519e+01
8.090081999999999596e+01
8.099960000000000093e+01
8.109837999999999170e+01
8.120165000000000077e+01
8.130043000000000575e+01
8.139920999999999651e+01
8.149799000000000149e+01
8.160126000000001056e+01
8.170004000000000133e+01
8.179882000000000630e+01
8.190209000000001538e+01
8.200087000000000614e+01
8.209965000000001112e+01
8.219843000000000188e+01
8.230170000000001096e+01
8.240048000000000172e+01
8.249926000000000670e+01
8.259803999999999746e+01
8.270131000000000654e+01
8.280009000000001151e+01
8.289887000000000228e+01
8.300213999999999714e+01
8.310092000000000212e+01
8.319970000000000709e+01
8.329848000000001207e+01
8.340175000000000693e+01
8.350052999999999770e+01
8.359931000000001688e+01
8.369809000000000765e+01
8.380136000000000251e+01
8.390013999999999328e+01
8.399891999999999825e+01
8.410219000000000733e+01
8.420096999999999809e+01
8.429975000000000307e+01
8.439852999999999383e+01
8.450180000000000291e+01
8.460058000000000789e+01
8.469935999999999865e+01
8.479814000000000362e+01
8.490141000000001270e+01
8.500019000000000347e+01
8.509897000000000844e+01
8.520224000000000331e+01
8.530102000000000828e+01
8.539979999999999905e+01
8.549858000000000402e+01
8.560185000000001310e+01
8.570063000000000386e+01
8.579941000000000884e+01
8.589818999999999960e+01
8.600146000000000868e+01
8.610024000000001365e+01
8.619902000000000442e+01
8.629780000000000939e+01
8.640107000000000426e+01
8.649985000000000923e+01
8.659863000000001421e+01
8.670189999999999486e+01
8.680067999999999984e+01
8.689946000000000481e+01
8.699824000000000979e+01
8.710151000000000465e+01
8.720028999999999542e+01
8.729907000000000039e+01
8.739785000000000537e+01
8.750112000000000023e+01
8.759990000000000521e+01
8.769867999999999597e+01
8.780195000000000505e+01
8.790073000000001002e+01
8.799951000000000079e+01
8.809829000000000576e+01
8.820156000000000063e+01
8.830034000000000560e+01
8.839911999999999637e+01
8.849790000000000134e+01
8.860117000000001042e+01
8.869995000000000118e+01
8.879873000000000616e+01
8.890200000000001523e+01
8.900078000000000600e+01
8.909956000000001097e+01
8.919834000000000174e+01
8.930160999999999660e+01
8.940039000000001579e+01
8.949917000000000655e+01
8.959795000000001153e+01
8.970121999999999218e+01
8.980000000000001137e+01
8.989878000000000213e+01
9.000204999999999700e+01
9.010083000000000197e+01
9.019960999999999274e+01
9.029839000000001192e+01
9.040166000000000679e+01
9.050043999999999755e+01
9.059922000000000253e+01
9.069800000000000750e+01
9.080127000000000237e+01
9.090005000000000734e+01
9.099882999999999811e+01
9.110210000000000719e+01
9.120087999999999795e+01
9.129966000000000292e+01
9.139843999999999369e+01
9.150171000000000276e+01
9.160049000000000774e+01
9.169926999999999850e+01
9.179805000000000348e+01
9.190132000000001256e+01
9.200010000000000332e+01
9.209888000000000829e+01
9.220215000000001737e+01
9.230093000000000814e+01
9.239971000000001311e+01
9.249849000000000387e+01
9.260175999999999874e+01
9.270054000000000372e+01
9.279932000000000869e+01
9.289810000000001367e+01
9.300136999999999432e+01
9.310015000000001351e+01
9.319893000000000427e+01
9.330219999999999914e+01
9.340098000000000411e+01
9.349975999999999487e+01
9.359854000000001406e+01
9.370181000000000893e+01
9.380058999999999969e+01
9.389937000000000467e+01
9.399815000000000964e+01
9.410142000000000451e+01
9.420019999999999527e+01
9.429898000000000025e+01
9.439776000000000522e+01
9.450103000000000009e+01
9.459981000000000506e+01
9.469858999999999583e+01
9.480186000000000490e+01
9.490064000000000988e+01
9.499942000000000064e+01
9.509820000000000562e+01
9.520147000000001469e+01
9.530025000000000546e+01
9.539903000000001043e+01
9.549781000000000120e+01
9.560108000000001027e+01
9.569986000000000104e+01
9.579864000000000601e+01
9.590191000000000088e+01
9.600069000000000585e+01
9.609947000000001083e+01
9.619825000000000159e+01
9.630151999999999646e+01
9.640030000000000143e+01
9.649908000000000641e+01
9.659786000000001138e+01
9.670113000000000625e+01
9.679990999999999701e+01
9.689869000000001620e+01
9.700195999999999685e+01
9.710074000000000183e+01
9.719952000000000680e+01
9.729829999999999757e+01
9.740157000000000664e+01
9.750034999999999741e+01
9.759913000000000238e+01
9.769790999999999315e+01
9.780118000000000222e+01
9.789996000000000720e+01
9.799873999999999796e+01
9.810201000000000704e+01
9.820079000000001201e+01
9.829957000000000278e+01
9.839835000000000775e+01
9.850162000000000262e+01
9.860040000000000759e+01
9.869918000000001257e+01
9.879796000000000333e+01
9.890123000000001241e+01
9.900001000000000317e+01
9.909879000000000815e+01
9.920206000000000301e+01
9.930084000000000799e+01
9.939962000000001296e+01
9.949840000000000373e+01
9.960166999999999859e+01
9.970045000000000357e+01
9.979923000000000854e+01
9.989801000000001352e+01
1.000012799999999942e+02
1.001000599999999991e+02
1.001988400000000183e+02
1.003021099999999990e+02
1.004008900000000040e+02
1.004996699999999947e+02
1.005984499999999997e+02
1.007017200000000088e+02
1.008004999999999995e+02
1.008992800000000045e+02
1.009980599999999953e+02
1.011013300000000044e+02
1.012001100000000093e+02
1.012988900000000001e+02
1.014021600000000092e+02
1.015009399999999999e+02
1.015997200000000049e+02
1.016985000000000099e+02
1.018017700000000048e+02
1.019005500000000097e+02
1.019993300000000005e+02
1.020981100000000055e+02
1.022013800000000145e+02
1.023001600000000053e+02
1.023989400000000103e+02
1.025022100000000052e+02
1.026009899999999959e+02
1.026997700000000151e+02
1.027985500000000059e+02
1.029018200000000007e+02
1.030006000000000057e+02
1.030993800000000107e+02
1.031981600000000157e+02
1.033014299999999963e+02
1.034002100000000013e+02
1.034989899999999921e+02
1.035977700000000112e+02
1.037010400000000061e+02
1.037998199999999969e+02
1.038986000000000018e+02
1.040018700000000109e+02
1.041006500000000017e+02
1.041994300000000067e+02
1.042982099999999974e+02
1.044014800000000065e+02
1.045002600000000115e+02
1.045990400000000022e+02
1.046978200000000072e+02
1.048010900000000021e+02
1.048998700000000071e+02
1.049986499999999978e+02
1.051019200000000069e+02
1.052007000000000119e+02
1.052994800000000026e+02
1.053982600000000076e+02
1.055015300000000167e+02
1.056003100000000074e+02
1.056990900000000124e+02
1.057978700000000032e+02
1.059011399999999981e+02
1.059999200000000172e+02
1.060987000000000080e+02
1.062019700000000029e+02
1.063007499999999936e+02
1.063995300000000128e+02
1.064983100000000036e+02
1.066015799999999984e+02
1.067003600000000034e+02
1.067991399999999942e+02
1.068979200000000134e+02
1.070011900000000082e+02
1.070999699999999990e+02
1.071987500000000040e+02
1.073020200000000131e+02
1.074008000000000038e+02
1.074995800000000088e+02
1.075983599999999996e+02
1.077016300000000086e+02
1.078004099999999994e+02
1.078991900000000044e+02
1.079979699999999951e+02
1.081012400000000042e+02
1.082000200000000092e+02
1.082988000000000000e+02
1.084020700000000090e+02
1.085008500000000140e+02
1.085996300000000048e+02
1.086984100000000097e+02
1.088016800000000046e+02
1.089004600000000096e+02
1.089992400000000146e+02
1.090980200000000053e+02
1.092012900000000002e+02
1.093000700000000052e+02
1.093988500000000101e+02
1.095021200000000050e+02
1.096008999999999958e+02
1.096996800000000007e+02
1.097984600000000057e+02
1.099017300000000006e+02
1.100005100000000056e+02
1.100992899999999963e+02
1.101980700000000155e+02
1.103013400000000104e+02
1.104001200000000011e+02
1.104989000000000061e+02
1.106021700000000010e+02
1.107009500000000060e+02
1.107997299999999967e+02
1.108985100000000017e+02
1.110017800000000108e+02
1.111005600000000015e+02
1.111993400000000065e+02
1.112981199999999973e+02
1.114013900000000064e+02
1.115001700000000113e+02
1.115989500000000021e+02
1.117022200000000112e+02
1.118010000000000161e+02
1.118997800000000069e+02
1.119985600000000119e+02
1.121018299999999925e+02
1.122006100000000117e+02
1.122993900000000025e+02
1.123981700000000075e+02
1.125014400000000023e+02
1.126002200000000073e+02
1.126990000000000123e+02
1.127977800000000030e+02
1.129010499999999979e+02
1.129998300000000029e+02
1.130986100000000079e+02
1.132018800000000027e+02
1.133006600000000077e+02
1.133994399999999985e+02
1.134982200000000176e+02
1.136014899999999983e+02
1.137002700000000033e+02
1.137990499999999940e+02
1.138978299999999990e+02
1.140011000000000081e+02
1.140998799999999989e+02
1.141986600000000038e+02
1.143019300000000129e+02
1.144007100000000037e+02
1.144994900000000086e+02
1.145982699999999994e+02
1.147015400000000085e+02
1.148003200000000135e+02
1.148991000000000042e+02
1.149978800000000092e+02
1.151011500000000041e+02
1.151999300000000090e+02
1.152987099999999998e+02
1.154019799999999947e+02
1.155007600000000139e+02
1.155995400000000046e+02
1.156983200000000096e+02
1.158015900000000045e+02
1.159003700000000094e+02
1.159991500000000144e+02
1.160979300000000052e+02
1.162012000000000000e+02
1.162999800000000050e+02
1.163987600000000100e+02
1.165020300000000049e+02
1.166008099999999956e+02
1.166995900000000006e+02
1.167983700000000056e+02
1.169016400000000004e+02
1.170004200000000054e+02
1.170991999999999962e+02
1.171979800000000012e+02
1.173012500000000102e+02
1.174000300000000010e+02
1.174988100000000060e+02
1.176020800000000150e+02
1.177008600000000058e+02
1.177996400000000108e+02
1.178984200000000016e+02
1.180016900000000106e+02
1.181004700000000014e+02
1.181992500000000064e+02
1.182980300000000113e+02
1.184013000000000062e+02
1.185000800000000112e+02
1.185988600000000019e+02
1.187021299999999968e+02
1.188009100000000160e+02
1.188996900000000068e+02
1.189984700000000117e+02
1.191017400000000066e+02
1.192005199999999974e+02
1.192993000000000166e+02
1.193980800000000073e+02
1.195013500000000022e+02
1.196001299999999929e+02
1.196989100000000121e+02
1.198021800000000070e+02
1.199009599999999978e+02
1.199997400000000027e+02
1.200985199999999935e+02
1.202017900000000026e+02
1.203005700000000076e+02
1.203993499999999983e+02
1.204981300000000033e+02
1.206014000000000124e+02
1.207001800000000031e+02
1.207989600000000081e+02
1.209022300000000030e+02
1.210010100000000079e+02
1.210997899999999987e+02
1.211985700000000037e+02
1.213018400000000128e+02
1.214006200000000035e+02
1.214994000000000085e+02
1.215981799999999993e+02
1.217014500000000083e+02
1.218002300000000133e+02
1.218990100000000041e+02
1.219977900000000091e+02
1.221010600000000181e+02
1.221998400000000089e+02
1.222986200000000139e+02
1.224018899999999945e+02
1.225006699999999995e+02
1.225994500000000187e+02
1.226982300000000095e+02
1.228015000000000043e+02
1.229002799999999951e+02
1.229990600000000143e+02
1.230978400000000050e+02
1.232011099999999999e+02
1.232998900000000049e+02
1.233986699999999956e+02
1.235019400000000047e+02
1.236007200000000097e+02
1.236995000000000005e+02
1.237982800000000054e+02
1.239015500000000003e+02
1.240003300000000053e+02
1.240991100000000102e+02
1.241978900000000010e+02
1.243011600000000101e+02
1.243999400000000009e+02
1.244987200000000058e+02
1.246019900000000149e+02
1.247007700000000057e+02
1.247995500000000106e+02
1.248983300000000014e+02
1.250016000000000247e+02
1.251003800000000155e+02
1.251991600000000062e+02
1.252979399999999970e+02
1.254012100000000061e+02
1.254999900000000110e+02
1.255987700000000018e+02
1.257020400000000109e+02
1.258008200000000016e+02
1.258996000000000066e+02
1.259983799999999974e+02
1.261016500000000065e+02
1.262004299999999972e+02
1.262992099999999880e+02
1.263979900000000214e+02
1.265012600000000020e+02
1.266000399999999928e+02
1.266988200000000120e+02
1.268020900000000069e+02
1.269008699999999976e+02
1.269996500000000168e+02
1.270984300000000076e+02
1.272017000000000024e+02
1.273004799999999932e+02
1.273992600000000124e+02
1.274980400000000031e+02
1.276013099999999980e+02
1.277000900000000172e+02
1.277988700000000080e+02
1.279021400000000028e+02
1.280009200000000078e+02
1.280997000000000128e+02
1.281984800000000178e+02
1.283017499999999984e+02
1.284005300000000034e+02
1.284993100000000084e+02
1.285980899999999849e+02
1.287013600000000224e+02
1.288001399999999990e+02
1.288989200000000039e+02
1.290021900000000130e+02
1.291009700000000180e+02
1.291997499999999945e+02
1.292985299999999995e+02
1.294018000000000086e+02
1.295005800000000136e+02
1.295993599999999901e+02
1.296981400000000235e+02
1.298014100000000042e+02
1.299001900000000091e+02
1.299989700000000141e+02
1.301022399999999948e+02
1.302010199999999998e+02
1.302998000000000047e+02
1.303985800000000097e+02
1.305018499999999904e+02
1.306006299999999953e+02
1.306994100000000287e+02
1.307981900000000053e+02
1.309014599999999859e+02
1.310002400000000193e+02
1.310990200000000243e+02
1.311978000000000009e+02
1.313010700000000099e+02
1.313998500000000149e+02
1.314986299999999915e+02
1.316019000000000005e+02
1.317006800000000055e+02
1.317994600000000105e+02
1.318982399999999870e+02
1.320015100000000245e+02
1.321002900000000011e+02
1.321990700000000061e+02
1.322978499999999826e+02
1.324011200000000201e+02
1.324998999999999967e+02
1.325986800000000017e+02
1.327019500000000107e+02
1.328007300000000157e+02
1.328995099999999923e+02
1.329982900000000257e+02
1.331015600000000063e+02
1.332003400000000113e+02
1.332991199999999878e+02
1.333979000000000212e+02
1.335011700000000019e+02
1.335999500000000069e+02
1.336987300000000118e+02
1.338019999999999925e+02
1.339007799999999975e+02
1.339995600000000309e+02
1.340983400000000074e+02
1.342016099999999881e+02
1.343003900000000215e+02
1.343991700000000264e+02
1.344979500000000030e+02
1.346012199999999837e+02
1.347000000000000171e+02
1.347987799999999936e+02
1.349020500000000027e+02
1.350008300000000077e+02
1.350996100000000126e+02
1.351983899999999892e+02
1.353016600000000267e+02
1.354004400000000032e+02
1.354992200000000082e+02
1.355979999999999848e+02
1.357012700000000223e+02
1.358000499999999988e+02
1.358988300000000038e+02
1.360021000000000129e+02
1.361008800000000178e+02
1.361996599999999944e+02
1.362984399999999994e+02
1.364017100000000084e+02
1.365004900000000134e+02
1.365992699999999900e+02
1.366980500000000234e+02
1.368013200000000040e+02
1.369001000000000090e+02
1.369988800000000140e+02
1.371021499999999946e+02
1.372009299999999996e+02
1.372997100000000330e+02
1.373984900000000096e+02
1.375017599999999902e+02
1.376005399999999952e+02
1.376993200000000002e+02
1.377981000000000051e+02
1.379013699999999858e+02
1.380001500000000192e+02
1.380989299999999957e+02
1.382022000000000048e+02
1.383009800000000098e+02
1.383997600000000148e+02
1.384985399999999913e+02
1.386018100000000288e+02
1.387005900000000054e+02
1.387993700000000104e+02
1.388981499999999869e+02
1.390014200000000244e+02
1.391002000000000010e+02
1.391989800000000059e+02
1.392977599999999825e+02
1.394010300000000200e+02
1.394998099999999965e+02
1.395985900000000015e+02
1.397018600000000106e+02
1.398006400000000156e+02
1.398994199999999921e+02
1.399982000000000255e+02
1.401014700000000062e+02
1.402002500000000111e+02
1.402990300000000161e+02
1.403978100000000211e+02
1.405010800000000017e+02
1.405998600000000067e+02
1.406986400000000117e+02
1.408019099999999924e+02
1.409006899999999973e+02
1.409994700000000023e+02
1.410982500000000073e+02
1.412015199999999879e+02
1.413003000000000213e+02
1.413990799999999979e+02
1.414978600000000029e+02
1.416011300000000119e+02
1.416999100000000169e+02
1.417986899999999935e+02
1.419019600000000025e+02
1.420007400000000075e+02
1.420995200000000125e+02
1.421982999999999890e+02
1.423015700000000265e+02
1.424003500000000031e+02
1.424991300000000081e+02
1.425979099999999846e+02
1.427011800000000221e+02
1.427999599999999987e+02
1.428987400000000036e+02
1.430020100000000127e+02
1.431007900000000177e+02
1.431995699999999943e+02
1.432983500000000276e+02
1.434016200000000083e+02
1.435004000000000133e+02
1.435991799999999898e+02
1.436979600000000232e+02
1.438012300000000039e+02
1.439000100000000089e+02
1.439987900000000138e+02
1.441020599999999945e+02
1.442008399999999995e+02
1.442996200000000044e+02
1.443984000000000094e+02
1.445016699999999901e+02
1.446004500000000235e+02
1.446992300000000000e+02
1.447980100000000050e+02
1.449012799999999856e+02
1.450000600000000190e+02
1.450988399999999956e+02
1.452021100000000047e+02
1.453008900000000096e+02
1.453996700000000146e+02
1.454984499999999912e+02
1.456017200000000287e+02
1.457005000000000052e+02
1.457992800000000102e+02
1.458980599999999868e+02
1.460013300000000243e+02
1.461001100000000008e+02
1.461988900000000058e+02
1.463021600000000149e+02
1.464009400000000198e+02
1.464997199999999964e+02
1.465985000000000298e+02
1.467017700000000104e+02
1.468005500000000154e+02
1.468993299999999920e+02
1.469981100000000254e+02
1.471013800000000060e+02
1.472001599999999826e+02
1.472989400000000160e+02
1.474022099999999966e+02
1.475009900000000016e+02
1.475997700000000066e+02
1.476985500000000116e+02
1.478018199999999922e+02
1.479005999999999972e+02
1.479993800000000022e+02
1.480981600000000071e+02
1.482014299999999878e+02
1.483002100000000212e+02
1.483989899999999977e+02
1.484977700000000027e+02
1.486010400000000118e+02
1.486998200000000168e+02
1.487985999999999933e+02
1.489018700000000308e+02
1.490006500000000074e+02
1.490994300000000123e+02
1.491982099999999889e+02
1.493014800000000264e+02
1.494002600000000029e+02
1.494990400000000079e+02
1.495978200000000129e+02
1.497010900000000220e+02
1.497998699999999985e+02
1.498986500000000035e+02
1.500019200000000126e+02
1.501007000000000176e+02
1.501994799999999941e+02
1.502982600000000275e+02
1.504015300000000082e+02
1.505003099999999847e+02
1.505990900000000181e+02
1.506978700000000231e+02
1.508011400000000037e+02
1.508999200000000087e+02
1.509987000000000137e+02
1.511019699999999943e+02
1.512007499999999993e+02
1.512995300000000043e+02
1.513983100000000093e+02
1.515015799999999899e+02
1.516003600000000233e+02
1.516991399999999999e+02
1.517979200000000048e+02
1.519011900000000139e+02
1.519999700000000189e+02
1.520987499999999955e+02
1.522020200000000045e+02
1.523008000000000095e+02
1.523995800000000145e+02
1.524983599999999910e+02
1.526016300000000285e+02
1.527004100000000051e+02
1.527991900000000101e+02
1.528979699999999866e+02
1.530012400000000241e+02
1.531000200000000007e+02
1.531988000000000056e+02
1.533020700000000147e+02
1.534008499999999913e+02
1.534996299999999962e+02
1.535984100000000296e+02
1.537016800000000103e+02
1.538004599999999868e+02
1.538992400000000202e+02
1.539980200000000252e+02
1.541012900000000059e+02
1.542000699999999824e+02
1.542988500000000158e+02
1.544021199999999965e+02
1.545009000000000015e+02
1.545996800000000064e+02
1.546984600000000114e+02
1.548017299999999921e+02
1.549005100000000255e+02
1.549992900000000020e+02
1.550980700000000070e+02
1.552013400000000161e+02
1.553001200000000210e+02
1.553988999999999976e+02
1.555021700000000067e+02
1.556009500000000116e+02
1.556997300000000166e+02
1.557985099999999932e+02
1.559017800000000307e+02
1.560005600000000072e+02
1.560993400000000122e+02
1.561981199999999887e+02
1.563013900000000262e+02
1.564001700000000028e+02
1.564989500000000078e+02
1.566022200000000169e+02
1.567009999999999934e+02
1.567997799999999984e+02
1.568985600000000318e+02
1.570018300000000124e+02
1.571006099999999890e+02
1.571993899999999940e+02
1.572981700000000274e+02
1.574014400000000080e+02
1.575002199999999846e+02
1.575990000000000180e+02
1.576977800000000229e+02
1.578010500000000036e+02
1.578998300000000086e+02
1.579986100000000135e+02
1.581018799999999942e+02
1.582006600000000276e+02
1.582994400000000041e+02
1.583982200000000091e+02
1.585014899999999898e+02
1.586002700000000232e+02
1.586990499999999997e+02
1.587978300000000047e+02
1.589011000000000138e+02
1.589998800000000188e+02
1.590986599999999953e+02
1.592019300000000328e+02
1.593007100000000094e+02
1.593994900000000143e+02
1.594982699999999909e+02
1.596015400000000000e+02
1.597003200000000049e+02
1.597991000000000099e+02
1.598978800000000149e+02
1.600011499999999955e+02
1.600999300000000005e+02
1.601987100000000055e+02
1.603019800000000146e+02
1.604007599999999911e+02
1.604995399999999961e+02
1.605983200000000295e+02
1.607015900000000101e+02
1.608003699999999867e+02
1.608991500000000201e+02
1.609979300000000251e+02
1.611012000000000057e+02
1.611999800000000107e+02
1.612987600000000157e+02
1.614020299999999963e+02
1.615008100000000013e+02
1.615995900000000063e+02
1.616983700000000113e+02
1.618016399999999919e+02
1.619004200000000253e+02
1.619992000000000019e+02
1.620979800000000068e+02
1.622012500000000159e+02
1.623000300000000209e+02
1.623988099999999974e+02
1.625020800000000349e+02
1.626008600000000115e+02
1.626996400000000165e+02
1.627984199999999930e+02
1.629016900000000021e+02
1.630004700000000071e+02
1.630992500000000121e+02
1.631980299999999886e+02
1.633012999999999977e+02
1.634000800000000027e+02
1.634988600000000076e+02
1.636021300000000167e+02
1.637009099999999933e+02
1.637996899999999982e+02
1.638984700000000316e+02
1.640017400000000123e+02
1.641005199999999888e+02
1.641993000000000222e+02
1.642980800000000272e+02
1.644013500000000079e+02
1.645001299999999844e+02
1.645989100000000178e+02
1.647021799999999985e+02
1.648009600000000034e+02
1.648997400000000084e+02
1.649985200000000134e+02
1.651017899999999941e+02
1.652005700000000274e+02
1.652993500000000040e+02
1.653981300000000090e+02
1.655014000000000181e+02
1.656001800000000230e+02
1.656989599999999996e+02
1.658022300000000087e+02
1.659010100000000136e+02
1.659997900000000186e+02
1.660985699999999952e+02
1.662018400000000042e+02
1.663006200000000092e+02
1.663994000000000142e+02
1.664981799999999907e+02
1.666014499999999998e+02
1.667002300000000048e+02
1.667990100000000098e+02
1.668977900000000147e+02
1.670010599999999954e+02
1.670998400000000004e+02
1.671986200000000338e+02
1.673018900000000144e+02
1.674006699999999910e+02
1.674994499999999960e+02
1.675982300000000009e+02
1.677015000000000100e+02
1.678002799999999866e+02
1.678990600000000200e+02
1.679978399999999965e+02
1.681011100000000056e+02
1.681998900000000106e+02
1.682986700000000155e+02
1.684019399999999962e+02
1.685007200000000296e+02
1.685995000000000061e+02
1.686982800000000111e+02
1.688015499999999918e+02
1.689003300000000252e+02
1.689991100000000017e+02
1.690978900000000067e+02
1.692011600000000158e+02
1.692999400000000207e+02
1.693987199999999973e+02
1.695019900000000064e+02
1.696007700000000114e+02
1.696995500000000163e+02
1.697983299999999929e+02
1.699016000000000020e+02
1.700003800000000069e+02
1.700991600000000119e+02
1.701979400000000169e+02
1.703012099999999975e+02
1.703999900000000025e+02
1.704987700000000359e+02
1.706020400000000166e+02
1.707008199999999931e+02
1.707995999999999981e+02
1.708983800000000031e+02
1.710016500000000121e+02
1.711004299999999887e+02
1.711992100000000221e+02
1.712979899999999986e+02
1.714012600000000077e+02
1.715000400000000127e+02
1.715988200000000177e+02
1.717020899999999983e+02
1.718008700000000033e+02
1.718996500000000083e+02
1.719984300000000133e+02
1.721016999999999939e+02
1.722004800000000273e+02
1.722992600000000039e+02
1.723980400000000088e+02
1.725013100000000179e+02
1.726000900000000229e+02
1.726988699999999994e+02
1.728021400000000085e+02
1.729009200000000135e+02
1.729997000000000185e+02
1.730984799999999950e+02
1.732017500000000041e+02
1.733005300000000091e+02
1.733993100000000140e+02
1.734980900000000190e+02
1.736013599999999997e+02
1.737001400000000046e+02
1.737989200000000096e+02
1.739021900000000187e+02
1.740009699999999953e+02
1.740997500000000002e+02
1.741985300000000052e+02
1.743018000000000143e+02
1.744005799999999908e+02
1.744993600000000242e+02
1.745981400000000008e+02
1.747014100000000099e+02
1.748001900000000148e+02
1.748989700000000198e+02
1.750022400000000005e+02
1.751010200000000054e+02
1.751998000000000104e+02
1.752985800000000154e+02
1.754018499999999960e+02
1.755006300000000294e+02
1.755994100000000060e+02
1.756981900000000110e+02
1.758014600000000200e+02
1.759002400000000250e+02
1.759990200000000016e+02
1.760978000000000065e+02
1.762010700000000156e+02
1.762998500000000206e+02
1.763986299999999972e+02
1.765019000000000062e+02
1.766006800000000112e+02
1.766994600000000162e+02
1.767982399999999927e+02
1.769015100000000018e+02
1.770002900000000068e+02
1.770990699999999833e+02
1.771978500000000167e+02
1.773011199999999974e+02
1.773999000000000024e+02
1.774986800000000073e+02
1.776019500000000164e+02
1.777007299999999930e+02
1.777995100000000264e+02
1.778982900000000029e+02
1.780015600000000120e+02
1.781003399999999885e+02
1.781991200000000219e+02
1.782978999999999985e+02
1.784011700000000076e+02
1.784999500000000126e+02
1.785987300000000175e+02
1.787019999999999982e+02
1.788007800000000316e+02
1.788995600000000081e+02
1.789983400000000131e+02
1.791016100000000222e+02
1.792003900000000272e+02
1.792991700000000037e+02
1.793979500000000087e+02
1.795012200000000178e+02
1.796000000000000227e+02
